Line 4 0 0 0 415 231 415 230 !
Line 4 0 0 0 225 124 397 322 !
Line 4 0 0 0 569 112 418 276 !
Circle 4 0 0 0 348 115 625 357 !
Rect 4 0 0 0 288 127 666 327 !
Oval 4 0 0 0 470 79 777 244 !
Line 4 0 0 0 921 200 921 200 !
Line 4 0 0 0 921 200 921 201 !
Line 4 0 0 0 921 201 921 202 !
Line 4 0 0 0 921 202 920 202 !
Line 4 0 0 0 920 202 920 203 !
Line 4 0 0 0 920 203 919 204 !
Line 4 0 0 0 919 204 919 204 !
Line 4 0 0 0 919 204 919 205 !
Line 4 0 0 0 919 205 918 205 !
Line 4 0 0 0 918 205 918 206 !
Line 4 0 0 0 918 206 918 207 !
Line 4 0 0 0 918 207 917 207 !
Line 4 0 0 0 917 207 917 208 !
Line 4 0 0 0 917 208 916 208 !
Line 4 0 0 0 916 208 916 208 !
Line 4 0 0 0 916 208 916 209 !
Line 4 0 0 0 916 209 915 209 !
Line 4 0 0 0 915 209 915 210 !
Line 4 0 0 0 915 210 915 210 !
Line 4 0 0 0 915 210 914 210 !
Line 4 0 0 0 914 210 914 211 !
Line 4 0 0 0 914 211 913 212 !
Line 4 0 0 0 913 212 913 212 !
Line 4 0 0 0 913 212 912 213 !
Line 4 0 0 0 912 213 911 214 !
Line 4 0 0 0 911 214 911 215 !
Line 4 0 0 0 911 215 911 215 !
Line 4 0 0 0 911 215 910 215 !
Line 4 0 0 0 910 215 909 216 !
Line 4 0 0 0 909 216 908 216 !
Line 4 0 0 0 908 216 908 217 !
Line 4 0 0 0 908 217 907 218 !
Line 4 0 0 0 907 218 907 219 !
Line 4 0 0 0 907 219 907 220 !
Line 4 0 0 0 907 220 906 220 !
Line 4 0 0 0 906 220 905 221 !
Line 4 0 0 0 905 221 904 222 !
Line 4 0 0 0 904 222 903 223 !
Line 4 0 0 0 903 223 903 224 !
Line 4 0 0 0 903 224 903 225 !
Line 4 0 0 0 903 225 902 226 !
Line 4 0 0 0 902 226 901 226 !
Line 4 0 0 0 901 226 899 227 !
Line 4 0 0 0 899 227 899 228 !
Line 4 0 0 0 899 228 898 229 !
Line 4 0 0 0 898 229 897 231 !
Line 4 0 0 0 897 231 896 232 !
Line 4 0 0 0 896 232 895 232 !
Line 4 0 0 0 895 232 895 233 !
Line 4 0 0 0 895 233 894 235 !
Line 4 0 0 0 894 235 892 236 !
Line 4 0 0 0 892 236 891 237 !
Line 4 0 0 0 891 237 891 238 !
Line 4 0 0 0 891 238 891 240 !
Line 4 0 0 0 891 240 890 240 !
Line 4 0 0 0 890 240 889 241 !
Line 4 0 0 0 889 241 887 242 !
Line 4 0 0 0 887 242 887 244 !
Line 4 0 0 0 887 244 886 244 !
Line 4 0 0 0 886 244 883 247 !
Line 4 0 0 0 883 247 883 248 !
Line 4 0 0 0 883 248 881 249 !
Line 4 0 0 0 881 249 880 251 !
Line 4 0 0 0 880 251 879 252 !
Line 4 0 0 0 879 252 878 253 !
Line 4 0 0 0 878 253 877 255 !
Line 4 0 0 0 877 255 875 256 !
Line 4 0 0 0 875 256 875 258 !
Line 4 0 0 0 875 258 873 259 !
Line 4 0 0 0 873 259 872 260 !
Line 4 0 0 0 872 260 871 263 !
Line 4 0 0 0 871 263 870 264 !
Line 4 0 0 0 870 264 867 266 !
Line 4 0 0 0 867 266 866 268 !
Line 4 0 0 0 866 268 865 268 !
Line 4 0 0 0 865 268 864 270 !
Line 4 0 0 0 864 270 863 272 !
Line 4 0 0 0 863 272 860 275 !
Line 4 0 0 0 860 275 859 276 !
Line 4 0 0 0 859 276 858 278 !
Line 4 0 0 0 858 278 856 280 !
Line 4 0 0 0 856 280 855 280 !
Line 4 0 0 0 855 280 854 282 !
Line 4 0 0 0 854 282 853 284 !
Line 4 0 0 0 853 284 851 285 !
Line 4 0 0 0 851 285 851 288 !
Line 4 0 0 0 851 288 848 289 !
Line 4 0 0 0 848 289 847 291 !
Line 4 0 0 0 847 291 846 292 !
Line 4 0 0 0 846 292 845 293 !
Line 4 0 0 0 845 293 843 295 !
Line 4 0 0 0 843 295 843 296 !
Line 4 0 0 0 843 296 841 298 !
Line 4 0 0 0 841 298 839 300 !
Line 4 0 0 0 839 300 839 300 !
Line 4 0 0 0 839 300 837 303 !
Line 4 0 0 0 837 303 835 304 !
Line 4 0 0 0 835 304 835 305 !
Line 4 0 0 0 835 305 835 306 !
Line 4 0 0 0 835 306 834 308 !
Line 4 0 0 0 834 308 831 309 !
Line 4 0 0 0 831 309 830 311 !
Line 4 0 0 0 830 311 829 312 !
Line 4 0 0 0 829 312 828 313 !
Line 4 0 0 0 828 313 827 315 !
Line 4 0 0 0 827 315 825 316 !
Line 4 0 0 0 825 316 825 317 !
Line 4 0 0 0 825 317 824 318 !
Line 4 0 0 0 824 318 822 320 !
Line 4 0 0 0 822 320 821 322 !
Line 4 0 0 0 821 322 819 323 !
Line 4 0 0 0 819 323 818 325 !
Line 4 0 0 0 818 325 817 326 !
Line 4 0 0 0 817 326 815 328 !
Line 4 0 0 0 815 328 815 328 !
Line 4 0 0 0 815 328 815 330 !
Line 4 0 0 0 815 330 813 331 !
Line 4 0 0 0 813 331 811 332 !
Line 4 0 0 0 811 332 811 333 !
Line 4 0 0 0 811 333 809 335 !
Line 4 0 0 0 809 335 808 336 !
Line 4 0 0 0 808 336 807 337 !
Line 4 0 0 0 807 337 807 338 !
Line 4 0 0 0 807 338 806 339 !
Line 4 0 0 0 806 339 805 340 !
Line 4 0 0 0 805 340 804 341 !
Line 4 0 0 0 804 341 803 342 !
Line 4 0 0 0 803 342 803 343 !
Line 4 0 0 0 803 343 802 344 !
Line 4 0 0 0 802 344 801 344 !
Line 4 0 0 0 801 344 801 345 !
Line 4 0 0 0 801 345 800 346 !
Line 4 0 0 0 800 346 799 347 !
Line 4 0 0 0 799 347 799 348 !
Line 4 0 0 0 799 348 799 348 !
Line 4 0 0 0 799 348 798 349 !
Line 4 0 0 0 798 349 797 350 !
Line 4 0 0 0 797 350 797 351 !
Line 4 0 0 0 797 351 796 351 !
Line 4 0 0 0 796 351 795 351 !
Line 4 0 0 0 795 351 795 352 !
Line 4 0 0 0 795 352 795 352 !
Line 4 0 0 0 795 352 795 353 !
Line 4 0 0 0 795 353 795 354 !
Line 4 0 0 0 795 354 795 355 !
Line 4 0 0 0 795 355 795 356 !
Line 4 0 0 0 795 356 795 356 !
Line 4 0 0 0 795 356 796 356 !
Line 4 0 0 0 796 356 797 356 !
Line 4 0 0 0 797 356 798 356 !
Line 4 0 0 0 798 356 799 357 !
Line 4 0 0 0 799 357 799 357 !
Line 4 0 0 0 799 357 799 358 !
Line 4 0 0 0 799 358 800 359 !
Line 4 0 0 0 800 359 801 359 !
Line 4 0 0 0 801 359 803 360 !
Line 4 0 0 0 803 360 803 360 !
Line 4 0 0 0 803 360 804 360 !
Line 4 0 0 0 804 360 805 360 !
Line 4 0 0 0 805 360 806 361 !
Line 4 0 0 0 806 361 807 361 !
Line 4 0 0 0 807 361 807 362 !
Line 4 0 0 0 807 362 809 362 !
Line 4 0 0 0 809 362 810 363 !
Line 4 0 0 0 810 363 811 364 !
Line 4 0 0 0 811 364 812 364 !
Line 4 0 0 0 812 364 813 364 !
Line 4 0 0 0 813 364 815 365 !
Line 4 0 0 0 815 365 816 366 !
Line 4 0 0 0 816 366 817 366 !
Line 4 0 0 0 817 366 818 367 !
Line 4 0 0 0 818 367 819 367 !
Line 4 0 0 0 819 367 821 368 !
Line 4 0 0 0 821 368 823 368 !
Line 4 0 0 0 823 368 824 369 !
Line 4 0 0 0 824 369 826 370 !
Line 4 0 0 0 826 370 827 370 !
Line 4 0 0 0 827 370 829 371 !
Line 4 0 0 0 829 371 831 371 !
Line 4 0 0 0 831 371 832 372 !
Line 4 0 0 0 832 372 834 372 !
Line 4 0 0 0 834 372 835 372 !
Line 4 0 0 0 835 372 837 373 !
Line 4 0 0 0 837 373 838 373 !
Line 4 0 0 0 838 373 839 374 !
Line 4 0 0 0 839 374 842 374 !
Line 4 0 0 0 842 374 843 375 !
Line 4 0 0 0 843 375 845 375 !
Line 4 0 0 0 845 375 847 376 !
Line 4 0 0 0 847 376 850 376 !
Line 4 0 0 0 850 376 852 376 !
Line 4 0 0 0 852 376 854 377 !
Line 4 0 0 0 854 377 856 378 !
Line 4 0 0 0 856 378 858 378 !
Line 4 0 0 0 858 378 860 379 !
Line 4 0 0 0 860 379 863 379 !
Line 4 0 0 0 863 379 867 380 !
Line 4 0 0 0 867 380 869 380 !
Line 4 0 0 0 869 380 872 380 !
Line 4 0 0 0 872 380 875 380 !
Line 4 0 0 0 875 380 877 381 !
Line 4 0 0 0 877 381 879 382 !
Line 4 0 0 0 879 382 883 382 !
Line 4 0 0 0 883 382 884 383 !
Line 4 0 0 0 884 383 887 383 !
Line 4 0 0 0 887 383 890 384 !
Line 4 0 0 0 890 384 893 384 !
Line 4 0 0 0 893 384 895 385 !
Line 4 0 0 0 895 385 898 386 !
Line 4 0 0 0 898 386 899 386 !
Line 4 0 0 0 899 386 901 386 !
Line 4 0 0 0 901 386 905 387 !
Line 4 0 0 0 905 387 907 388 !
Line 4 0 0 0 907 388 911 388 !
Line 4 0 0 0 911 388 914 388 !
Line 4 0 0 0 914 388 916 388 !
Line 4 0 0 0 916 388 920 389 !
Line 4 0 0 0 920 389 923 389 !
Line 4 0 0 0 923 389 925 390 !
Line 4 0 0 0 925 390 929 391 !
Line 4 0 0 0 929 391 931 391 !
Line 4 0 0 0 931 391 934 392 !
Line 4 0 0 0 934 392 938 393 !
Line 4 0 0 0 938 393 943 393 !
Line 4 0 0 0 943 393 945 394 !
Line 4 0 0 0 945 394 947 394 !
Line 4 0 0 0 947 394 951 395 !
Line 4 0 0 0 951 395 954 395 !
Line 4 0 0 0 954 395 956 396 !
Line 4 0 0 0 956 396 959 396 !
Line 4 0 0 0 959 396 962 396 !
Line 4 0 0 0 962 396 965 396 !
Line 4 0 0 0 965 396 968 397 !
Line 4 0 0 0 968 397 971 397 !
Line 4 0 0 0 971 397 972 398 !
Line 4 0 0 0 972 398 975 398 !
Line 4 0 0 0 975 398 978 399 !
Line 4 0 0 0 978 399 980 399 !
Line 4 0 0 0 980 399 983 400 !
Line 4 0 0 0 983 400 984 400 !
Line 4 0 0 0 984 400 987 401 !
Line 4 0 0 0 987 401 989 401 !
Line 4 0 0 0 989 401 992 402 !
Line 4 0 0 0 992 402 994 402 !
Line 4 0 0 0 994 402 995 402 !
Line 4 0 0 0 995 402 998 403 !
Line 4 0 0 0 998 403 1001 403 !
Line 4 0 0 0 1001 403 1003 403 !
Line 4 0 0 0 1003 403 1004 404 !
Line 4 0 0 0 1004 404 1006 404 !
Line 4 0 0 0 1006 404 1007 404 !
Line 4 0 0 0 1007 404 1009 404 !
Line 4 0 0 0 1009 404 1010 404 !
Line 4 0 0 0 1010 404 1011 404 !
Line 4 0 0 0 1011 404 1012 405 !
Line 4 0 0 0 1012 405 1014 405 !
Line 4 0 0 0 1014 405 1015 406 !
Line 4 0 0 0 1015 406 1015 406 !
Line 4 0 0 0 1015 406 1016 406 !
Line 4 0 0 0 1016 406 1019 406 !
Line 4 0 0 0 1019 406 1019 406 !
Line 4 0 0 0 1019 406 1020 406 !
Line 4 0 0 0 1020 406 1021 406 !
Line 4 0 0 0 1021 406 1022 406 !
Line 4 0 0 0 1022 406 1023 406 !
Line 4 0 0 0 1023 406 1023 406 !
Line 4 0 0 0 1023 406 1024 406 !
Line 4 0 0 0 1024 406 1025 407 !
Line 4 0 0 0 1025 407 1026 407 !
Line 4 0 0 0 1026 407 1027 407 !
Line 4 0 0 0 1027 407 1027 407 !
Line 4 0 0 0 1027 407 1028 407 !
Line 4 0 0 0 1028 407 1029 407 !
Line 4 0 0 0 1029 407 1030 407 !
Line 4 0 0 0 1030 407 1031 407 !
Line 4 0 0 0 1031 407 1031 406 !
Line 4 0 0 0 1031 406 1031 405 !
Line 4 0 0 0 1031 405 1031 404 !
Line 4 0 0 0 1031 404 1031 404 !
Line 4 0 0 0 1031 404 1031 403 !
Line 4 0 0 0 1031 403 1031 402 !
Line 4 0 0 0 1031 402 1031 401 !
Line 4 0 0 0 1031 401 1031 400 !
Line 4 0 0 0 1031 400 1030 400 !
Line 4 0 0 0 1030 400 1030 398 !
Line 4 0 0 0 1030 398 1030 397 !
Line 4 0 0 0 1030 397 1029 396 !
Line 4 0 0 0 1029 396 1029 396 !
Line 4 0 0 0 1029 396 1029 395 !
Line 4 0 0 0 1029 395 1029 394 !
Line 4 0 0 0 1029 394 1028 393 !
Line 4 0 0 0 1028 393 1028 392 !
Line 4 0 0 0 1028 392 1028 392 !
Line 4 0 0 0 1028 392 1027 391 !
Line 4 0 0 0 1027 391 1027 389 !
Line 4 0 0 0 1027 389 1027 388 !
Line 4 0 0 0 1027 388 1027 388 !
Line 4 0 0 0 1027 388 1027 387 !
Line 4 0 0 0 1027 387 1027 385 !
Line 4 0 0 0 1027 385 1027 384 !
Line 4 0 0 0 1027 384 1026 383 !
Line 4 0 0 0 1026 383 1026 382 !
Line 4 0 0 0 1026 382 1025 380 !
Line 4 0 0 0 1025 380 1025 380 !
Line 4 0 0 0 1025 380 1025 379 !
Line 4 0 0 0 1025 379 1024 378 !
Line 4 0 0 0 1024 378 1024 377 !
Line 4 0 0 0 1024 377 1023 376 !
Line 4 0 0 0 1023 376 1023 374 !
Line 4 0 0 0 1023 374 1023 373 !
Line 4 0 0 0 1023 373 1023 372 !
Line 4 0 0 0 1023 372 1022 370 !
Line 4 0 0 0 1022 370 1021 369 !
Line 4 0 0 0 1021 369 1021 368 !
Line 4 0 0 0 1021 368 1020 365 !
Line 4 0 0 0 1020 365 1019 364 !
Line 4 0 0 0 1019 364 1019 362 !
Line 4 0 0 0 1019 362 1019 360 !
Line 4 0 0 0 1019 360 1018 359 !
Line 4 0 0 0 1018 359 1017 357 !
Line 4 0 0 0 1017 357 1016 356 !
Line 4 0 0 0 1016 356 1015 354 !
Line 4 0 0 0 1015 354 1015 352 !
Line 4 0 0 0 1015 352 1015 351 !
Line 4 0 0 0 1015 351 1014 349 !
Line 4 0 0 0 1014 349 1013 348 !
Line 4 0 0 0 1013 348 1013 346 !
Line 4 0 0 0 1013 346 1012 344 !
Line 4 0 0 0 1012 344 1011 343 !
Line 4 0 0 0 1011 343 1011 341 !
Line 4 0 0 0 1011 341 1010 340 !
Line 4 0 0 0 1010 340 1009 337 !
Line 4 0 0 0 1009 337 1009 336 !
Line 4 0 0 0 1009 336 1008 334 !
Line 4 0 0 0 1008 334 1007 332 !
Line 4 0 0 0 1007 332 1007 331 !
Line 4 0 0 0 1007 331 1007 329 !
Line 4 0 0 0 1007 329 1006 328 !
Line 4 0 0 0 1006 328 1005 325 !
Line 4 0 0 0 1005 325 1005 324 !
Line 4 0 0 0 1005 324 1004 322 !
Line 4 0 0 0 1004 322 1003 320 !
Line 4 0 0 0 1003 320 1003 319 !
Line 4 0 0 0 1003 319 1003 317 !
Line 4 0 0 0 1003 317 1002 316 !
Line 4 0 0 0 1002 316 1002 314 !
Line 4 0 0 0 1002 314 1001 312 !
Line 4 0 0 0 1001 312 1000 311 !
Line 4 0 0 0 1000 311 999 309 !
Line 4 0 0 0 999 309 999 308 !
Line 4 0 0 0 999 308 999 306 !
Line 4 0 0 0 999 306 999 304 !
Line 4 0 0 0 999 304 998 303 !
Line 4 0 0 0 998 303 997 301 !
Line 4 0 0 0 997 301 997 300 !
Line 4 0 0 0 997 300 996 298 !
Line 4 0 0 0 996 298 996 296 !
Line 4 0 0 0 996 296 995 296 !
Line 4 0 0 0 995 296 995 294 !
Line 4 0 0 0 995 294 995 292 !
Line 4 0 0 0 995 292 994 291 !
Line 4 0 0 0 994 291 994 290 !
Line 4 0 0 0 994 290 994 288 !
Line 4 0 0 0 994 288 993 287 !
Line 4 0 0 0 993 287 993 285 !
Line 4 0 0 0 993 285 992 284 !
Line 4 0 0 0 992 284 991 282 !
Line 4 0 0 0 991 282 991 279 !
Line 4 0 0 0 991 279 991 277 !
Line 4 0 0 0 991 277 989 276 !
Line 4 0 0 0 989 276 989 275 !
Line 4 0 0 0 989 275 989 273 !
Line 4 0 0 0 989 273 989 272 !
Line 4 0 0 0 989 272 989 271 !
Line 4 0 0 0 989 271 988 269 !
Line 4 0 0 0 988 269 987 268 !
Line 4 0 0 0 987 268 987 267 !
Line 4 0 0 0 987 267 987 266 !
Line 4 0 0 0 987 266 987 264 !
Line 4 0 0 0 987 264 986 263 !
Line 4 0 0 0 986 263 986 261 !
Line 4 0 0 0 986 261 985 260 !
Line 4 0 0 0 985 260 985 259 !
Line 4 0 0 0 985 259 984 258 !
Line 4 0 0 0 984 258 984 256 !
Line 4 0 0 0 984 256 983 254 !
Line 4 0 0 0 983 254 983 253 !
Line 4 0 0 0 983 253 983 252 !
Line 4 0 0 0 983 252 982 250 !
Line 4 0 0 0 982 250 981 248 !
Line 4 0 0 0 981 248 981 247 !
Line 4 0 0 0 981 247 980 246 !
Line 4 0 0 0 980 246 980 244 !
Line 4 0 0 0 980 244 979 244 !
Line 4 0 0 0 979 244 979 242 !
Line 4 0 0 0 979 242 979 240 !
Line 4 0 0 0 979 240 979 240 !
Line 4 0 0 0 979 240 978 239 !
Line 4 0 0 0 978 239 978 238 !
Line 4 0 0 0 978 238 978 236 !
Line 4 0 0 0 978 236 978 236 !
Line 4 0 0 0 978 236 977 234 !
Line 4 0 0 0 977 234 977 233 !
Line 4 0 0 0 977 233 976 232 !
Line 4 0 0 0 976 232 976 232 !
Line 4 0 0 0 976 232 975 230 !
Line 4 0 0 0 975 230 975 229 !
Line 4 0 0 0 975 229 975 228 !
Line 4 0 0 0 975 228 975 227 !
Line 4 0 0 0 975 227 974 226 !
Line 4 0 0 0 974 226 974 224 !
Line 4 0 0 0 974 224 973 224 !
Line 4 0 0 0 973 224 972 223 !
Line 4 0 0 0 972 223 972 221 !
Line 4 0 0 0 972 221 972 220 !
Line 4 0 0 0 972 220 971 220 !
Line 4 0 0 0 971 220 971 219 !
Line 4 0 0 0 971 219 971 218 !
Line 4 0 0 0 971 218 971 216 !
Line 4 0 0 0 971 216 971 216 !
Line 4 0 0 0 971 216 971 215 !
Line 4 0 0 0 971 215 971 214 !
Line 4 0 0 0 971 214 970 214 !
Line 4 0 0 0 970 214 970 213 !
Line 4 0 0 0 970 213 970 212 !
Line 4 0 0 0 970 212 969 212 !
Line 4 0 0 0 969 212 969 211 !
Line 4 0 0 0 969 211 969 210 !
Line 4 0 0 0 969 210 968 208 !
Line 4 0 0 0 968 208 968 208 !
Line 4 0 0 0 968 208 967 208 !
Line 4 0 0 0 967 208 967 207 !
Line 4 0 0 0 967 207 967 206 !
Line 4 0 0 0 967 206 967 205 !
Line 4 0 0 0 967 205 967 205 !
Line 4 0 0 0 967 205 967 204 !
Line 4 0 0 0 967 204 967 204 !
Line 4 0 0 0 967 204 966 204 !
Line 4 0 0 0 966 204 966 203 !
Line 4 0 0 0 966 203 966 202 !
Line 4 0 0 0 966 202 966 201 !
Line 4 0 0 0 966 201 966 200 !
Line 4 0 0 0 966 200 965 200 !
Line 4 0 0 0 965 200 964 200 !
Line 4 0 0 0 964 200 963 200 !
Line 4 0 0 0 963 200 963 200 !
Line 4 0 0 0 963 200 962 200 !
Line 4 0 0 0 962 200 962 201 !
Line 4 0 0 0 962 201 961 201 !
Line 4 0 0 0 961 201 960 201 !
Line 4 0 0 0 960 201 959 201 !
Line 4 0 0 0 959 201 959 201 !
Line 4 0 0 0 959 201 958 201 !
Line 4 0 0 0 958 201 957 201 !
Line 4 0 0 0 957 201 956 202 !
Line 4 0 0 0 956 202 955 202 !
Line 4 0 0 0 955 202 955 202 !
Line 4 0 0 0 955 202 954 202 !
Line 4 0 0 0 954 202 953 202 !
Line 4 0 0 0 953 202 952 202 !
Line 4 0 0 0 952 202 951 202 !
Line 4 0 0 0 951 202 951 202 !
Line 4 0 0 0 951 202 950 202 !
Line 4 0 0 0 950 202 949 202 !
Line 4 0 0 0 949 202 948 202 !
Line 4 0 0 0 948 202 947 202 !
Line 4 0 0 0 549 376 549 376 !
Line 4 0 0 0 549 376 549 376 !
Line 4 0 0 0 549 376 548 376 !
Line 4 0 0 0 548 376 548 377 !
Line 4 0 0 0 548 377 547 377 !
Line 4 0 0 0 547 377 547 378 !
Line 4 0 0 0 547 378 547 378 !
Line 4 0 0 0 547 378 546 379 !
Line 4 0 0 0 546 379 546 380 !
Line 4 0 0 0 546 380 545 380 !
Line 4 0 0 0 545 380 545 380 !
Line 4 0 0 0 545 380 544 381 !
Line 4 0 0 0 544 381 544 382 !
Line 4 0 0 0 544 382 544 383 !
Line 4 0 0 0 544 383 543 383 !
Line 4 0 0 0 543 383 543 384 !
Line 4 0 0 0 543 384 543 384 !
Line 4 0 0 0 543 384 542 385 !
Line 4 0 0 0 542 385 541 386 !
Line 4 0 0 0 541 386 539 388 !
Line 4 0 0 0 539 388 539 389 !
Line 4 0 0 0 539 389 538 391 !
Line 4 0 0 0 538 391 537 392 !
Line 4 0 0 0 537 392 535 392 !
Line 4 0 0 0 535 392 535 394 !
Line 4 0 0 0 535 394 534 396 !
Line 4 0 0 0 534 396 532 397 !
Line 4 0 0 0 532 397 531 399 !
Line 4 0 0 0 531 399 530 400 !
Line 4 0 0 0 530 400 529 402 !
Line 4 0 0 0 529 402 527 404 !
Line 4 0 0 0 527 404 526 405 !
Line 4 0 0 0 526 405 524 408 !
Line 4 0 0 0 524 408 522 410 !
Line 4 0 0 0 522 410 519 412 !
Line 4 0 0 0 519 412 518 413 !
Line 4 0 0 0 518 413 516 415 !
Line 4 0 0 0 516 415 513 419 !
Line 4 0 0 0 513 419 511 422 !
Line 4 0 0 0 511 422 508 424 !
Line 4 0 0 0 508 424 507 425 !
Line 4 0 0 0 507 425 504 428 !
Line 4 0 0 0 504 428 503 430 !
Line 4 0 0 0 503 430 499 432 !
Line 4 0 0 0 499 432 497 434 !
Line 4 0 0 0 497 434 495 436 !
Line 4 0 0 0 495 436 492 439 !
Line 4 0 0 0 492 439 490 441 !
Line 4 0 0 0 490 441 488 444 !
Line 4 0 0 0 488 444 485 445 !
Line 4 0 0 0 485 445 483 447 !
Line 4 0 0 0 483 447 481 449 !
Line 4 0 0 0 481 449 480 450 !
Line 4 0 0 0 480 450 478 452 !
Line 4 0 0 0 478 452 476 453 !
Line 4 0 0 0 476 453 473 456 !
Line 4 0 0 0 473 456 471 457 !
Line 4 0 0 0 471 457 469 459 !
Line 4 0 0 0 469 459 467 461 !
Line 4 0 0 0 467 461 464 464 !
Line 4 0 0 0 464 464 462 465 !
Line 4 0 0 0 462 465 460 466 !
Line 4 0 0 0 460 466 455 470 !
Line 4 0 0 0 455 470 455 471 !
Line 4 0 0 0 455 471 453 472 !
Line 4 0 0 0 453 472 450 473 !
Line 4 0 0 0 450 473 448 475 !
Line 4 0 0 0 448 475 447 476 !
Line 4 0 0 0 447 476 443 480 !
Line 4 0 0 0 443 480 441 480 !
Line 4 0 0 0 441 480 439 482 !
Line 4 0 0 0 439 482 437 483 !
Line 4 0 0 0 437 483 435 484 !
Line 4 0 0 0 435 484 433 485 !
Line 4 0 0 0 433 485 431 486 !
Line 4 0 0 0 431 486 430 488 !
Line 4 0 0 0 430 488 428 489 !
Line 4 0 0 0 428 489 427 490 !
Line 4 0 0 0 427 490 425 492 !
Line 4 0 0 0 425 492 423 492 !
Line 4 0 0 0 423 492 422 493 !
Line 4 0 0 0 422 493 420 494 !
Line 4 0 0 0 420 494 419 495 !
Line 4 0 0 0 419 495 418 496 !
Line 4 0 0 0 418 496 416 496 !
Line 4 0 0 0 416 496 415 497 !
Line 4 0 0 0 415 497 413 498 !
Line 4 0 0 0 413 498 412 499 !
Line 4 0 0 0 412 499 411 500 !
Line 4 0 0 0 411 500 409 501 !
Line 4 0 0 0 409 501 407 501 !
Line 4 0 0 0 407 501 407 503 !
Line 4 0 0 0 407 503 405 503 !
Line 4 0 0 0 405 503 404 503 !
Line 4 0 0 0 404 503 403 504 !
Line 4 0 0 0 403 504 403 504 !
Line 4 0 0 0 403 504 401 505 !
Line 4 0 0 0 401 505 400 506 !
Line 4 0 0 0 400 506 399 507 !
Line 4 0 0 0 399 507 399 507 !
Line 4 0 0 0 399 507 397 508 !
Line 4 0 0 0 397 508 397 508 !
Line 4 0 0 0 397 508 396 509 !
Line 4 0 0 0 396 509 395 509 !
Line 4 0 0 0 395 509 395 509 !
Line 4 0 0 0 395 509 394 510 !
Line 4 0 0 0 394 510 393 510 !
Line 4 0 0 0 393 510 393 511 !
Line 4 0 0 0 393 511 392 511 !
Line 4 0 0 0 392 511 392 512 !
Line 4 0 0 0 392 512 392 512 !
Line 4 0 0 0 392 512 391 512 !
Line 4 0 0 0 391 512 391 513 !
Line 4 0 0 0 391 513 391 513 !
Line 4 0 0 0 391 513 391 514 !
Line 4 0 0 0 391 514 391 514 !
Line 4 0 0 0 391 514 392 514 !
Line 4 0 0 0 392 514 393 514 !
Line 4 0 0 0 393 514 394 514 !
Line 4 0 0 0 394 514 395 514 !
Line 4 0 0 0 395 514 395 513 !
Line 4 0 0 0 395 513 395 513 !
Line 4 0 0 0 395 513 396 513 !
Line 4 0 0 0 396 513 396 512 !
Line 4 0 0 0 396 512 397 512 !
Line 4 0 0 0 397 512 398 512 !
Line 4 0 0 0 398 512 399 512 !
Line 4 0 0 0 399 512 399 512 !
Line 4 0 0 0 399 512 399 512 !
Line 4 0 0 0 399 512 400 512 !
Line 4 0 0 0 400 512 401 512 !
Line 4 0 0 0 401 512 402 511 !
Line 4 0 0 0 402 511 403 511 !
Line 4 0 0 0 403 511 403 511 !
Line 4 0 0 0 403 511 404 511 !
Line 4 0 0 0 404 511 404 510 !
Line 4 0 0 0 404 510 406 510 !
Line 4 0 0 0 406 510 407 510 !
Line 4 0 0 0 407 510 407 510 !
Line 4 0 0 0 407 510 408 510 !
Line 4 0 0 0 408 510 410 510 !
Line 4 0 0 0 410 510 411 510 !
Line 4 0 0 0 411 510 412 509 !
Line 4 0 0 0 412 509 413 509 !
Line 4 0 0 0 413 509 415 509 !
Line 4 0 0 0 415 509 415 508 !
Line 4 0 0 0 415 508 416 508 !
Line 4 0 0 0 416 508 417 508 !
Line 4 0 0 0 417 508 418 508 !
Line 4 0 0 0 418 508 419 508 !
Line 4 0 0 0 419 508 420 508 !
Line 4 0 0 0 420 508 422 508 !
Line 4 0 0 0 422 508 423 508 !
Line 4 0 0 0 423 508 424 508 !
Line 4 0 0 0 424 508 425 507 !
Line 4 0 0 0 425 507 426 507 !
Line 4 0 0 0 426 507 427 507 !
Line 4 0 0 0 427 507 428 507 !
Line 4 0 0 0 428 507 430 506 !
Line 4 0 0 0 430 506 431 506 !
Line 4 0 0 0 431 506 433 506 !
Line 4 0 0 0 433 506 435 506 !
Line 4 0 0 0 435 506 436 505 !
Line 4 0 0 0 436 505 439 505 !
Line 4 0 0 0 439 505 439 504 !
Line 4 0 0 0 439 504 441 504 !
Line 4 0 0 0 441 504 443 504 !
Line 4 0 0 0 443 504 444 504 !
Line 4 0 0 0 444 504 447 504 !
Line 4 0 0 0 447 504 448 504 !
Line 4 0 0 0 448 504 450 504 !
Line 4 0 0 0 450 504 451 503 !
Line 4 0 0 0 451 503 453 503 !
Line 4 0 0 0 453 503 455 503 !
Line 4 0 0 0 455 503 456 503 !
Line 4 0 0 0 456 503 458 502 !
Line 4 0 0 0 458 502 459 502 !
Line 4 0 0 0 459 502 460 502 !
Line 4 0 0 0 460 502 462 502 !
Line 4 0 0 0 462 502 465 501 !
Line 4 0 0 0 465 501 467 501 !
Line 4 0 0 0 467 501 469 500 !
Line 4 0 0 0 469 500 471 500 !
Line 4 0 0 0 471 500 473 500 !
Line 4 0 0 0 473 500 475 500 !
Line 4 0 0 0 475 500 476 500 !
Line 4 0 0 0 476 500 479 500 !
Line 4 0 0 0 479 500 479 500 !
Line 4 0 0 0 479 500 481 500 !
Line 4 0 0 0 481 500 483 500 !
Line 4 0 0 0 483 500 485 499 !
Line 4 0 0 0 485 499 487 499 !
Line 4 0 0 0 487 499 489 499 !
Line 4 0 0 0 489 499 491 499 !
Line 4 0 0 0 491 499 493 498 !
Line 4 0 0 0 493 498 495 498 !
Line 4 0 0 0 495 498 498 498 !
Line 4 0 0 0 498 498 499 498 !
Line 4 0 0 0 499 498 502 498 !
Line 4 0 0 0 502 498 503 498 !
Line 4 0 0 0 503 498 506 497 !
Line 4 0 0 0 506 497 507 497 !
Line 4 0 0 0 507 497 510 497 !
Line 4 0 0 0 510 497 512 497 !
Line 4 0 0 0 512 497 514 497 !
Line 4 0 0 0 514 497 516 497 !
Line 4 0 0 0 516 497 519 497 !
Line 4 0 0 0 519 497 522 497 !
Line 4 0 0 0 522 497 524 497 !
Line 4 0 0 0 524 497 527 497 !
Line 4 0 0 0 527 497 528 497 !
Line 4 0 0 0 528 497 532 497 !
Line 4 0 0 0 532 497 533 497 !
Line 4 0 0 0 533 497 535 497 !
Line 4 0 0 0 535 497 538 497 !
Line 4 0 0 0 538 497 540 497 !
Line 4 0 0 0 540 497 543 497 !
Line 4 0 0 0 543 497 545 497 !
Line 4 0 0 0 545 497 547 497 !
Line 4 0 0 0 547 497 549 497 !
Line 4 0 0 0 549 497 552 497 !
Line 4 0 0 0 552 497 555 497 !
Line 4 0 0 0 555 497 556 497 !
Line 4 0 0 0 556 497 559 497 !
Line 4 0 0 0 559 497 560 497 !
Line 4 0 0 0 560 497 563 498 !
Line 4 0 0 0 563 498 565 498 !
Line 4 0 0 0 565 498 568 498 !
Line 4 0 0 0 568 498 570 498 !
Line 4 0 0 0 570 498 572 499 !
Line 4 0 0 0 572 499 574 499 !
Line 4 0 0 0 574 499 576 499 !
Line 4 0 0 0 576 499 578 500 !
Line 4 0 0 0 578 500 579 500 !
Line 4 0 0 0 579 500 583 500 !
Line 4 0 0 0 583 500 584 500 !
Line 4 0 0 0 584 500 586 500 !
Line 4 0 0 0 586 500 589 501 !
Line 4 0 0 0 589 501 591 501 !
Line 4 0 0 0 591 501 592 502 !
Line 4 0 0 0 592 502 594 502 !
Line 4 0 0 0 594 502 595 502 !
Line 4 0 0 0 595 502 597 503 !
Line 4 0 0 0 597 503 598 503 !
Line 4 0 0 0 598 503 599 503 !
Line 4 0 0 0 599 503 601 503 !
Line 4 0 0 0 601 503 603 504 !
Line 4 0 0 0 603 504 604 504 !
Line 4 0 0 0 604 504 605 504 !
Line 4 0 0 0 605 504 606 504 !
Line 4 0 0 0 606 504 607 504 !
Line 4 0 0 0 607 504 607 504 !
Line 4 0 0 0 607 504 609 505 !
Line 4 0 0 0 609 505 610 505 !
Line 4 0 0 0 610 505 611 506 !
Line 4 0 0 0 611 506 612 506 !
Line 4 0 0 0 612 506 613 506 !
Line 4 0 0 0 613 506 614 507 !
Line 4 0 0 0 614 507 615 507 !
Line 4 0 0 0 615 507 616 507 !
Line 4 0 0 0 616 507 617 507 !
Line 4 0 0 0 617 507 618 508 !
Line 4 0 0 0 618 508 619 508 !
Line 4 0 0 0 619 508 620 508 !
Line 4 0 0 0 620 508 621 508 !
Line 4 0 0 0 621 508 622 508 !
Line 4 0 0 0 622 508 623 508 !
Line 4 0 0 0 623 508 624 508 !
Line 4 0 0 0 624 508 625 508 !
Line 4 0 0 0 625 508 626 509 !
Line 4 0 0 0 626 509 627 509 !
Line 4 0 0 0 627 509 627 509 !
Line 4 0 0 0 627 509 628 509 !
Line 4 0 0 0 628 509 628 508 !
Line 4 0 0 0 628 508 628 508 !
Line 4 0 0 0 628 508 628 507 !
Line 4 0 0 0 628 507 628 506 !
Line 4 0 0 0 628 506 628 505 !
Line 4 0 0 0 628 505 628 504 !
Line 4 0 0 0 628 504 627 504 !
Line 4 0 0 0 627 504 627 504 !
Line 4 0 0 0 627 504 627 503 !
Line 4 0 0 0 627 503 627 502 !
Line 4 0 0 0 627 502 627 502 !
Line 4 0 0 0 627 502 627 501 !
Line 4 0 0 0 627 501 627 500 !
Line 4 0 0 0 627 500 627 500 !
Line 4 0 0 0 627 500 626 500 !
Line 4 0 0 0 626 500 626 499 !
Line 4 0 0 0 626 499 626 498 !
Line 4 0 0 0 626 498 626 497 !
Line 4 0 0 0 626 497 625 496 !
Line 4 0 0 0 625 496 625 496 !
Line 4 0 0 0 625 496 624 496 !
Line 4 0 0 0 624 496 624 495 !
Line 4 0 0 0 624 495 624 494 !
Line 4 0 0 0 624 494 624 493 !
Line 4 0 0 0 624 493 624 492 !
Line 4 0 0 0 624 492 624 492 !
Line 4 0 0 0 624 492 624 491 !
Line 4 0 0 0 624 491 623 491 !
Line 4 0 0 0 623 491 623 490 !
Line 4 0 0 0 623 490 623 489 !
Line 4 0 0 0 623 489 623 488 !
Line 4 0 0 0 623 488 623 488 !
Line 4 0 0 0 623 488 623 487 !
Line 4 0 0 0 623 487 622 486 !
Line 4 0 0 0 622 486 622 485 !
Line 4 0 0 0 622 485 621 484 !
Line 4 0 0 0 621 484 621 484 !
Line 4 0 0 0 621 484 621 483 !
Line 4 0 0 0 621 483 620 481 !
Line 4 0 0 0 620 481 619 480 !
Line 4 0 0 0 619 480 619 479 !
Line 4 0 0 0 619 479 619 479 !
Line 4 0 0 0 619 479 619 478 !
Line 4 0 0 0 619 478 619 477 !
Line 4 0 0 0 619 477 618 476 !
Line 4 0 0 0 618 476 618 476 !
Line 4 0 0 0 618 476 618 474 !
Line 4 0 0 0 618 474 618 473 !
Line 4 0 0 0 618 473 617 473 !
Line 4 0 0 0 617 473 617 472 !
Line 4 0 0 0 617 472 616 472 !
Line 4 0 0 0 616 472 616 471 !
Line 4 0 0 0 616 471 615 469 !
Line 4 0 0 0 615 469 615 468 !
Line 4 0 0 0 615 468 615 467 !
Line 4 0 0 0 615 467 615 467 !
Line 4 0 0 0 615 467 615 466 !
Line 4 0 0 0 615 466 614 464 !
Line 4 0 0 0 614 464 614 464 !
Line 4 0 0 0 614 464 613 463 !
Line 4 0 0 0 613 463 613 461 !
Line 4 0 0 0 613 461 612 460 !
Line 4 0 0 0 612 460 612 460 !
Line 4 0 0 0 612 460 612 459 !
Line 4 0 0 0 612 459 612 457 !
Line 4 0 0 0 612 457 611 456 !
Line 4 0 0 0 611 456 611 455 !
Line 4 0 0 0 611 455 611 454 !
Line 4 0 0 0 611 454 611 453 !
Line 4 0 0 0 611 453 610 452 !
Line 4 0 0 0 610 452 609 451 !
Line 4 0 0 0 609 451 609 449 !
Line 4 0 0 0 609 449 608 448 !
Line 4 0 0 0 608 448 607 447 !
Line 4 0 0 0 607 447 607 445 !
Line 4 0 0 0 607 445 607 444 !
Line 4 0 0 0 607 444 606 442 !
Line 4 0 0 0 606 442 606 441 !
Line 4 0 0 0 606 441 605 440 !
Line 4 0 0 0 605 440 604 438 !
Line 4 0 0 0 604 438 603 436 !
Line 4 0 0 0 603 436 603 435 !
Line 4 0 0 0 603 435 602 434 !
Line 4 0 0 0 602 434 602 432 !
Line 4 0 0 0 602 432 601 431 !
Line 4 0 0 0 601 431 600 429 !
Line 4 0 0 0 600 429 599 428 !
Line 4 0 0 0 599 428 599 427 !
Line 4 0 0 0 599 427 599 425 !
Line 4 0 0 0 599 425 599 424 !
Line 4 0 0 0 599 424 598 422 !
Line 4 0 0 0 598 422 597 420 !
Line 4 0 0 0 597 420 596 420 !
Line 4 0 0 0 596 420 595 419 !
Line 4 0 0 0 595 419 595 417 !
Line 4 0 0 0 595 417 594 416 !
Line 4 0 0 0 594 416 593 415 !
Line 4 0 0 0 593 415 592 413 !
Line 4 0 0 0 592 413 591 412 !
Line 4 0 0 0 591 412 591 410 !
Line 4 0 0 0 591 410 590 409 !
Line 4 0 0 0 590 409 589 408 !
Line 4 0 0 0 589 408 588 407 !
Line 4 0 0 0 588 407 587 405 !
Line 4 0 0 0 587 405 587 404 !
Line 4 0 0 0 587 404 586 402 !
Line 4 0 0 0 586 402 585 401 !
Line 4 0 0 0 585 401 584 400 !
Line 4 0 0 0 584 400 583 398 !
Line 4 0 0 0 583 398 583 397 !
Line 4 0 0 0 583 397 582 397 !
Line 4 0 0 0 582 397 581 396 !
Line 4 0 0 0 581 396 580 395 !
Line 4 0 0 0 580 395 579 394 !
Line 4 0 0 0 579 394 579 392 !
Line 4 0 0 0 579 392 578 392 !
Line 4 0 0 0 578 392 578 391 !
Line 4 0 0 0 578 391 577 391 !
Line 4 0 0 0 577 391 576 389 !
Line 4 0 0 0 576 389 575 388 !
Line 4 0 0 0 575 388 575 388 !
Line 4 0 0 0 575 388 574 387 !
Line 4 0 0 0 574 387 574 386 !
Line 4 0 0 0 574 386 573 384 !
Line 4 0 0 0 573 384 572 384 !
Line 4 0 0 0 572 384 571 384 !
Line 4 0 0 0 571 384 571 383 !
Line 4 0 0 0 571 383 571 382 !
Line 4 0 0 0 571 382 570 381 !
Line 4 0 0 0 570 381 570 380 !
Line 4 0 0 0 570 380 569 380 !
Line 4 0 0 0 569 380 568 380 !
Line 4 0 0 0 568 380 567 379 !
Line 4 0 0 0 567 379 567 378 !
Line 4 0 0 0 567 378 567 377 !
Line 4 0 0 0 567 377 567 376 !
Line 4 0 0 0 567 376 566 376 !
Line 4 0 0 0 566 376 566 376 !
Line 4 0 0 0 566 376 566 375 !
Line 4 0 0 0 566 375 565 375 !
Line 4 0 0 0 565 375 564 375 !
Line 4 0 0 0 564 375 564 374 !
Line 4 0 0 0 564 374 563 374 !
Line 4 0 0 0 563 374 563 373 !
Line 4 0 0 0 563 373 563 373 !
Line 4 0 0 0 563 373 563 372 !
Line 4 0 0 0 563 372 562 372 !
Line 4 0 0 0 562 372 562 372 !
Text 4 0 0 0 855 94 aaa !
Line 4 255 51 204 289 70 289 70 !
Line 4 255 51 204 289 70 289 71 !
Line 4 255 51 204 289 71 288 71 !
Line 4 255 51 204 288 71 288 72 !
Line 4 255 51 204 288 72 287 72 !
Line 4 255 51 204 287 72 287 72 !
Line 4 255 51 204 287 72 287 73 !
Line 4 255 51 204 287 73 287 73 !
Line 4 255 51 204 287 73 287 74 !
Line 4 255 51 204 287 74 286 74 !
Line 4 255 51 204 286 74 286 75 !
Line 4 255 51 204 286 75 286 76 !
Line 4 255 51 204 286 76 285 76 !
Line 4 255 51 204 285 76 285 76 !
Line 4 255 51 204 285 76 284 77 !
Line 4 255 51 204 284 77 283 78 !
Line 4 255 51 204 283 78 283 79 !
Line 4 255 51 204 283 79 283 79 !
Line 4 255 51 204 283 79 283 80 !
Line 4 255 51 204 283 80 282 80 !
Line 4 255 51 204 282 80 282 80 !
Line 4 255 51 204 282 80 282 81 !
Line 4 255 51 204 282 81 282 82 !
Line 4 255 51 204 282 82 281 83 !
Line 4 255 51 204 281 83 280 84 !
Line 4 255 51 204 280 84 280 84 !
Line 4 255 51 204 280 84 279 85 !
Line 4 255 51 204 279 85 279 86 !
Line 4 255 51 204 279 86 279 87 !
Line 4 255 51 204 279 87 278 88 !
Line 4 255 51 204 278 88 277 89 !
Line 4 255 51 204 277 89 276 90 !
Line 4 255 51 204 276 90 276 91 !
Line 4 255 51 204 276 91 276 92 !
Line 4 255 51 204 276 92 275 93 !
Line 4 255 51 204 275 93 275 94 !
Line 4 255 51 204 275 94 275 94 !
Line 4 255 51 204 275 94 274 95 !
Line 4 255 51 204 274 95 274 96 !
Line 4 255 51 204 274 96 273 97 !
Line 4 255 51 204 273 97 273 98 !
Line 4 255 51 204 273 98 272 100 !
Line 4 255 51 204 272 100 271 100 !
Line 4 255 51 204 271 100 271 101 !
Line 4 255 51 204 271 101 271 102 !
Line 4 255 51 204 271 102 270 104 !
Line 4 255 51 204 270 104 270 104 !
Line 4 255 51 204 270 104 269 106 !
Line 4 255 51 204 269 106 269 107 !
Line 4 255 51 204 269 107 268 108 !
Line 4 255 51 204 268 108 267 109 !
Line 4 255 51 204 267 109 267 110 !
Line 4 255 51 204 267 110 267 111 !
Line 4 255 51 204 267 111 266 113 !
Line 4 255 51 204 266 113 265 114 !
Line 4 255 51 204 265 114 264 116 !
Line 4 255 51 204 264 116 264 116 !
Line 4 255 51 204 264 116 263 118 !
Line 4 255 51 204 263 118 263 118 !
Line 4 255 51 204 263 118 263 120 !
Line 4 255 51 204 263 120 263 120 !
Line 4 255 51 204 263 120 262 122 !
Line 4 255 51 204 262 122 262 124 !
Line 4 255 51 204 262 124 262 124 !
Line 4 255 51 204 262 124 261 125 !
Line 4 255 51 204 261 125 260 126 !
Line 4 255 51 204 260 126 260 127 !
Line 4 255 51 204 260 127 259 128 !
Line 4 255 51 204 259 128 259 129 !
Line 4 255 51 204 259 129 259 130 !
Line 4 255 51 204 259 130 259 132 !
Line 4 255 51 204 259 132 258 132 !
Line 4 255 51 204 258 132 258 133 !
Line 4 255 51 204 258 133 257 134 !
Line 4 255 51 204 257 134 257 136 !
Line 4 255 51 204 257 136 257 136 !
Line 4 255 51 204 257 136 256 139 !
Line 4 255 51 204 256 139 256 140 !
Line 4 255 51 204 256 140 255 141 !
Line 4 255 51 204 255 141 255 142 !
Line 4 255 51 204 255 142 255 144 !
Line 4 255 51 204 255 144 255 144 !
Line 4 255 51 204 255 144 255 145 !
Line 4 255 51 204 255 145 255 146 !
Line 4 255 51 204 255 146 254 147 !
Line 4 255 51 204 254 147 254 148 !
Line 4 255 51 204 254 148 254 148 !
Line 4 255 51 204 254 148 254 149 !
Line 4 255 51 204 254 149 254 150 !
Line 4 255 51 204 254 150 254 151 !
Line 4 255 51 204 254 151 254 152 !
Line 4 255 51 204 254 152 254 153 !
Line 4 255 51 204 254 153 254 154 !
Line 4 255 51 204 254 154 254 155 !
Line 4 255 51 204 254 155 254 156 !
Line 4 255 51 204 254 156 254 157 !
Line 4 255 51 204 254 157 254 158 !
Line 4 255 51 204 254 158 254 159 !
Line 4 255 51 204 254 159 254 160 !
Line 4 255 51 204 254 160 255 160 !
Line 4 255 51 204 255 160 255 161 !
Line 4 255 51 204 255 161 255 162 !
Line 4 255 51 204 255 162 255 162 !
Line 4 255 51 204 255 162 255 163 !
Line 4 255 51 204 255 163 256 164 !
Line 4 255 51 204 256 164 257 164 !
Line 4 255 51 204 257 164 258 165 !
Line 4 255 51 204 258 165 258 166 !
Line 4 255 51 204 258 166 259 166 !
Line 4 255 51 204 259 166 259 167 !
Line 4 255 51 204 259 167 260 167 !
Line 4 255 51 204 260 167 261 167 !
Line 4 255 51 204 261 167 262 168 !
Line 4 255 51 204 262 168 263 168 !
Line 4 255 51 204 263 168 263 168 !
Line 4 255 51 204 263 168 264 168 !
Line 4 255 51 204 264 168 265 169 !
Line 4 255 51 204 265 169 266 169 !
Line 4 255 51 204 266 169 267 169 !
Line 4 255 51 204 267 169 267 169 !
Line 4 255 51 204 267 169 268 169 !
Line 4 255 51 204 268 169 269 169 !
Line 4 255 51 204 269 169 270 169 !
Line 4 255 51 204 270 169 271 169 !
Line 4 255 51 204 271 169 271 169 !
Line 4 255 51 204 271 169 272 169 !
Line 4 255 51 204 272 169 273 169 !
Line 4 255 51 204 273 169 274 169 !
Line 4 255 51 204 274 169 275 169 !
Line 4 255 51 204 275 169 275 169 !
Line 4 255 51 204 275 169 276 169 !
Line 4 255 51 204 276 169 277 169 !
Line 4 255 51 204 277 169 278 169 !
Line 4 255 51 204 278 169 279 168 !
Line 4 255 51 204 279 168 279 168 !
Line 4 255 51 204 279 168 280 168 !
Line 4 255 51 204 280 168 281 168 !
Line 4 255 51 204 281 168 282 168 !
Line 4 255 51 204 282 168 283 167 !
Line 4 255 51 204 283 167 284 167 !
Line 4 255 51 204 284 167 285 167 !
Line 4 255 51 204 285 167 287 166 !
Line 4 255 51 204 287 166 287 165 !
Line 4 255 51 204 287 165 289 165 !
Line 4 255 51 204 289 165 290 164 !
Line 4 255 51 204 290 164 291 164 !
Line 4 255 51 204 291 164 291 164 !
Line 4 255 51 204 291 164 293 163 !
Line 4 255 51 204 293 163 294 162 !
Line 4 255 51 204 294 162 295 162 !
Line 4 255 51 204 295 162 296 161 !
Line 4 255 51 204 296 161 298 161 !
Line 4 255 51 204 298 161 298 160 !
Line 4 255 51 204 298 160 299 160 !
Line 4 255 51 204 299 160 301 159 !
Line 4 255 51 204 301 159 302 159 !
Line 4 255 51 204 302 159 303 157 !
Line 4 255 51 204 303 157 305 157 !
Line 4 255 51 204 305 157 307 156 !
Line 4 255 51 204 307 156 308 155 !
Line 4 255 51 204 308 155 309 154 !
Line 4 255 51 204 309 154 311 153 !
Line 4 255 51 204 311 153 312 152 !
Line 4 255 51 204 312 152 314 152 !
Line 4 255 51 204 314 152 315 151 !
Line 4 255 51 204 315 151 317 150 !
Line 4 255 51 204 317 150 320 147 !
Line 4 255 51 204 320 147 321 147 !
Line 4 255 51 204 321 147 322 146 !
Line 4 255 51 204 322 146 324 144 !
Line 4 255 51 204 324 144 324 144 !
Line 4 255 51 204 324 144 326 143 !
Line 4 255 51 204 326 143 327 142 !
Line 4 255 51 204 327 142 329 140 !
Line 4 255 51 204 329 140 331 140 !
Line 4 255 51 204 331 140 333 139 !
Line 4 255 51 204 333 139 335 138 !
Line 4 255 51 204 335 138 336 136 !
Line 4 255 51 204 336 136 338 136 !
Line 4 255 51 204 338 136 339 135 !
Line 4 255 51 204 339 135 340 133 !
Line 4 255 51 204 340 133 342 132 !
Line 4 255 51 204 342 132 343 132 !
Line 4 255 51 204 343 132 346 130 !
Line 4 255 51 204 346 130 347 129 !
Line 4 255 51 204 347 129 348 128 !
Line 4 255 51 204 348 128 350 127 !
Line 4 255 51 204 350 127 351 126 !
Line 4 255 51 204 351 126 353 125 !
Line 4 255 51 204 353 125 354 124 !
Line 4 255 51 204 354 124 355 123 !
Line 4 255 51 204 355 123 357 122 !
Line 4 255 51 204 357 122 359 120 !
Line 4 255 51 204 359 120 359 120 !
Line 4 255 51 204 359 120 361 119 !
Line 4 255 51 204 361 119 362 118 !
Line 4 255 51 204 362 118 363 116 !
Line 4 255 51 204 363 116 364 116 !
Line 4 255 51 204 364 116 366 115 !
Line 4 255 51 204 366 115 367 114 !
Line 4 255 51 204 367 114 367 113 !
Line 4 255 51 204 367 113 368 113 !
Line 4 255 51 204 368 113 369 111 !
Line 4 255 51 204 369 111 370 111 !
Line 4 255 51 204 370 111 371 110 !
Line 4 255 51 204 371 110 372 109 !
Line 4 255 51 204 372 109 373 108 !
Line 4 255 51 204 373 108 374 108 !
Line 4 255 51 204 374 108 375 107 !
Line 4 255 51 204 375 107 375 106 !
Line 4 255 51 204 375 106 376 105 !
Line 4 255 51 204 376 105 376 104 !
Line 4 255 51 204 376 104 377 104 !
Line 4 255 51 204 377 104 378 104 !
Line 4 255 51 204 378 104 379 102 !
Line 4 255 51 204 379 102 379 101 !
Line 4 255 51 204 379 101 380 100 !
Line 4 255 51 204 380 100 381 100 !
Line 4 255 51 204 381 100 381 99 !
Line 4 255 51 204 381 99 382 98 !
Line 4 255 51 204 382 98 382 97 !
Line 4 255 51 204 382 97 383 96 !
Line 4 255 51 204 383 96 383 96 !
Line 4 255 51 204 383 96 383 95 !
Line 4 255 51 204 383 95 384 94 !
Line 4 255 51 204 384 94 385 93 !
Line 4 255 51 204 385 93 385 92 !
Line 4 255 51 204 385 92 385 92 !
Line 4 255 51 204 385 92 386 91 !
Line 4 255 51 204 386 91 386 90 !
Line 4 255 51 204 386 90 386 89 !
Line 4 255 51 204 386 89 386 88 !
Line 4 255 51 204 386 88 386 88 !
Line 4 255 51 204 386 88 386 87 !
Line 4 255 51 204 386 87 386 86 !
Line 4 255 51 204 386 86 386 85 !
Line 4 255 51 204 386 85 386 84 !
Line 4 255 51 204 386 84 386 84 !
Line 4 255 51 204 386 84 386 83 !
Line 4 255 51 204 386 83 386 82 !
Line 4 255 51 204 386 82 386 81 !
Line 4 255 51 204 386 81 386 80 !
Line 4 255 51 204 386 80 386 80 !
Line 4 255 51 204 386 80 386 79 !
Line 4 255 51 204 386 79 386 78 !
Line 4 255 51 204 386 78 386 77 !
Line 4 255 51 204 386 77 386 76 !
Line 4 255 51 204 386 76 386 76 !
Line 4 255 51 204 386 76 386 75 !
Line 4 255 51 204 386 75 385 74 !
Line 4 255 51 204 385 74 385 73 !
Line 4 255 51 204 385 73 384 72 !
Line 4 255 51 204 384 72 383 72 !
Line 4 255 51 204 383 72 383 71 !
Line 4 255 51 204 383 71 383 71 !
Line 4 255 51 204 383 71 382 69 !
Line 4 255 51 204 382 69 381 68 !
Line 4 255 51 204 381 68 380 68 !
Line 4 255 51 204 380 68 379 67 !
Line 4 255 51 204 379 67 379 66 !
Line 4 255 51 204 379 66 379 65 !
Line 4 255 51 204 379 65 378 65 !
Line 4 255 51 204 378 65 377 65 !
Line 4 255 51 204 377 65 376 64 !
Line 4 255 51 204 376 64 375 63 !
Line 4 255 51 204 375 63 375 62 !
Line 4 255 51 204 375 62 374 61 !
Line 4 255 51 204 374 61 372 60 !
Line 4 255 51 204 372 60 371 60 !
Line 4 255 51 204 371 60 371 60 !
Line 4 255 51 204 371 60 371 59 !
Line 4 255 51 204 371 59 369 58 !
Line 4 255 51 204 369 58 368 57 !
Line 4 255 51 204 368 57 367 56 !
Line 4 255 51 204 367 56 366 56 !
Line 4 255 51 204 366 56 365 55 !
Line 4 255 51 204 365 55 364 55 !
Line 4 255 51 204 364 55 363 53 !
Line 4 255 51 204 363 53 363 53 !
Line 4 255 51 204 363 53 361 52 !
Line 4 255 51 204 361 52 360 52 !
Line 4 255 51 204 360 52 359 52 !
Line 4 255 51 204 359 52 358 52 !
Line 4 255 51 204 358 52 356 49 !
Line 4 255 51 204 356 49 355 49 !
Line 4 255 51 204 355 49 354 49 !
Line 4 255 51 204 354 49 352 48 !
Line 4 255 51 204 352 48 351 48 !
Line 4 255 51 204 351 48 349 47 !
Line 4 255 51 204 349 47 348 47 !
Line 4 255 51 204 348 47 347 46 !
Line 4 255 51 204 347 46 345 45 !
Line 4 255 51 204 345 45 344 45 !
Line 4 255 51 204 344 45 343 44 !
Line 4 255 51 204 343 44 341 44 !
Line 4 255 51 204 341 44 339 44 !
Line 4 255 51 204 339 44 339 43 !
Line 4 255 51 204 339 43 337 42 !
Line 4 255 51 204 337 42 336 42 !
Line 4 255 51 204 336 42 335 42 !
Line 4 255 51 204 335 42 334 41 !
Line 4 255 51 204 334 41 332 41 !
Line 4 255 51 204 332 41 331 40 !
Line 4 255 51 204 331 40 330 40 !
Line 4 255 51 204 330 40 328 40 !
Line 4 255 51 204 328 40 327 40 !
Line 4 255 51 204 327 40 325 40 !
Line 4 255 51 204 325 40 323 40 !
Line 4 255 51 204 323 40 323 40 !
Line 4 255 51 204 323 40 320 39 !
Line 4 255 51 204 320 39 319 39 !
Line 4 255 51 204 319 39 318 39 !
Line 4 255 51 204 318 39 316 39 !
Line 4 255 51 204 316 39 315 39 !
Line 4 255 51 204 315 39 312 39 !
Line 4 255 51 204 312 39 311 38 !
Line 4 255 51 204 311 38 309 38 !
Line 4 255 51 204 309 38 307 38 !
Line 4 255 51 204 307 38 306 38 !
Line 4 255 51 204 306 38 304 38 !
Line 4 255 51 204 304 38 303 38 !
Line 4 255 51 204 303 38 301 38 !
Line 4 255 51 204 301 38 299 38 !
Line 4 255 51 204 299 38 298 38 !
Line 4 255 51 204 298 38 296 38 !
Line 4 255 51 204 296 38 295 38 !
Line 4 255 51 204 295 38 295 38 !
Line 4 255 51 204 295 38 293 38 !
Line 4 255 51 204 293 38 291 38 !
Line 4 255 51 204 291 38 291 38 !
Line 4 255 51 204 291 38 289 38 !
Line 4 255 51 204 289 38 287 38 !
Line 4 255 51 204 287 38 287 38 !
Line 4 255 51 204 287 38 286 38 !
Line 4 255 51 204 286 38 285 38 !
Line 4 255 51 204 285 38 283 39 !
Line 4 255 51 204 283 39 283 39 !
Line 4 255 51 204 283 39 281 39 !
Line 4 255 51 204 281 39 280 40 !
Line 4 255 51 204 280 40 279 40 !
Line 4 255 51 204 279 40 278 40 !
Line 4 255 51 204 278 40 277 40 !
Line 4 255 51 204 277 40 275 40 !
Line 4 255 51 204 275 40 275 41 !
Line 4 255 51 204 275 41 274 41 !
Line 4 255 51 204 274 41 272 41 !
Line 4 255 51 204 272 41 271 41 !
Line 4 255 51 204 271 41 271 42 !
Line 4 255 51 204 271 42 269 43 !
Line 4 255 51 204 269 43 268 43 !
Line 4 255 51 204 268 43 267 43 !
Line 4 255 51 204 267 43 267 44 !
Line 4 255 51 204 267 44 267 44 !
Line 4 255 51 204 267 44 266 44 !
Line 4 255 51 204 266 44 265 45 !
Line 4 255 51 204 265 45 264 46 !
Line 4 255 51 204 264 46 263 46 !
Line 4 255 51 204 263 46 262 46 !
Line 4 255 51 204 262 46 261 46 !
Line 4 255 51 204 261 46 261 47 !
Line 4 255 51 204 261 47 261 48 !
Line 4 255 51 204 261 48 260 48 !
Line 4 255 51 204 260 48 259 48 !
Line 4 255 51 204 259 48 259 49 !
Line 4 255 51 204 259 49 258 49 !
Line 4 255 51 204 258 49 258 50 !
Line 4 255 51 204 258 50 257 51 !
Line 4 255 51 204 257 51 256 51 !
Line 4 255 51 204 256 51 255 52 !
Line 4 255 51 204 255 52 255 52 !
Line 4 255 51 204 255 52 255 53 !
Line 4 255 51 204 255 53 254 54 !
Line 4 255 51 204 254 54 253 55 !
Line 4 255 51 204 253 55 252 56 !
Line 4 255 51 204 252 56 252 56 !
Line 4 255 51 204 252 56 251 57 !
Line 4 255 51 204 251 57 251 58 !
Line 4 255 51 204 251 58 251 59 !
Line 4 255 51 204 251 59 251 60 !
Line 4 255 51 204 251 60 251 60 !
Line 4 255 51 204 251 60 250 60 !
Line 4 255 51 204 250 60 250 61 !
Line 4 255 51 204 250 61 249 62 !
Line 4 255 51 204 249 62 249 64 !
Line 4 255 51 204 249 64 248 64 !
Line 4 255 51 204 248 64 248 65 !
Line 4 255 51 204 248 65 247 66 !
Line 4 255 51 204 247 66 247 68 !
Line 4 255 51 204 247 68 247 68 !
Line 4 255 51 204 247 68 247 69 !
Line 4 255 51 204 247 69 247 70 !
Line 4 255 51 204 247 70 247 71 !
Line 4 255 51 204 247 71 247 72 !
Line 4 255 51 204 247 72 247 72 !
Line 4 255 51 204 247 72 247 74 !
Line 4 255 51 204 247 74 247 75 !
Line 4 255 51 204 247 75 246 76 !
Line 4 255 51 204 246 76 246 77 !
Line 4 255 51 204 246 77 246 78 !
Line 4 255 51 204 246 78 246 80 !
Line 4 255 51 204 246 80 246 80 !
Line 4 255 51 204 246 80 246 81 !
Line 4 255 51 204 246 81 246 83 !
Line 4 255 51 204 246 83 246 84 !
Line 4 255 51 204 246 84 246 85 !
Line 4 255 51 204 246 85 246 87 !
Line 4 255 51 204 246 87 246 88 !
Line 4 255 51 204 246 88 246 89 !
Line 4 255 51 204 246 89 246 90 !
Line 4 255 51 204 246 90 246 91 !
Line 4 255 51 204 246 91 246 92 !
Line 4 255 51 204 246 92 246 92 !
Line 4 255 51 204 246 92 246 93 !
Line 4 255 51 204 246 93 246 94 !
Line 4 255 51 204 246 94 246 95 !
Line 4 255 51 204 246 95 246 96 !
Line 4 255 51 204 246 96 246 97 !
Line 4 255 51 204 246 97 247 98 !
Line 4 255 51 204 247 98 247 99 !
Line 4 255 51 204 247 99 247 100 !
Line 4 255 51 204 247 100 247 100 !
Line 4 255 51 204 247 100 247 101 !
Line 4 255 51 204 247 101 247 102 !
Line 4 255 51 204 247 102 247 103 !
Line 4 255 51 204 247 103 247 104 !
Line 4 255 51 204 247 104 248 105 !
Line 4 255 51 204 248 105 249 106 !
Line 4 255 51 204 249 106 249 107 !
Line 4 255 51 204 249 107 250 107 !
Line 4 255 51 204 250 107 250 108 !
Line 4 255 51 204 250 108 251 108 !
Line 4 255 51 204 251 108 251 109 !
Line 4 255 51 204 251 109 251 110 !
Line 4 255 51 204 251 110 251 111 !
Line 4 255 51 204 251 111 252 111 !
Line 4 255 51 204 252 111 252 112 !
Line 4 255 51 204 252 112 253 112 !
Line 4 255 51 204 253 112 254 113 !
Line 4 255 51 204 254 113 254 114 !
Line 4 255 51 204 254 114 255 115 !
Line 4 255 51 204 255 115 255 116 !
Line 4 255 51 204 255 116 255 116 !
Line 4 255 51 204 255 116 256 116 !
Line 4 255 51 204 256 116 256 116 !
Line 4 255 51 204 256 116 256 117 !
Line 4 255 51 204 256 117 257 118 !
Line 4 255 51 204 257 118 258 119 !
Line 4 255 51 204 258 119 259 120 !
Line 4 255 51 204 259 120 259 120 !
Line 4 255 51 204 259 120 259 120 !
Line 4 255 51 204 259 120 260 121 !
Line 4 255 51 204 260 121 261 121 !
Line 4 255 51 204 261 121 261 122 !
Line 4 255 51 204 261 122 261 123 !
Line 4 255 51 204 261 123 262 124 !
Line 4 255 51 204 262 124 263 124 !
Line 4 255 51 204 263 124 263 125 !
Line 4 255 51 204 263 125 264 125 !
Line 4 255 51 204 264 125 265 126 !
Line 4 255 51 204 265 126 265 127 !
Line 4 255 51 204 265 127 266 128 !
Line 4 255 51 204 266 128 267 129 !
Line 4 255 51 204 267 129 267 129 !
Line 4 255 51 204 267 129 268 130 !
Line 4 255 51 204 268 130 269 131 !
Line 4 255 51 204 269 131 270 131 !
Line 4 255 51 204 270 131 271 131 !
Line 4 255 51 204 271 131 271 132 !
Line 4 255 51 204 271 132 273 133 !
Line 4 255 51 204 273 133 273 134 !
Line 4 255 51 204 273 134 274 135 !
Line 4 255 51 204 274 135 275 136 !
Line 4 255 51 204 275 136 275 136 !
Line 4 255 51 204 275 136 276 137 !
Line 4 255 51 204 276 137 277 138 !
Line 4 255 51 204 277 138 278 138 !
Line 4 255 51 204 278 138 279 139 !
Line 4 255 51 204 279 139 279 140 !
Line 4 255 51 204 279 140 280 140 !
Line 4 255 51 204 280 140 281 141 !
Line 4 255 51 204 281 141 282 142 !
Line 4 255 51 204 282 142 283 142 !
Line 4 255 51 204 283 142 284 143 !
Line 4 255 51 204 284 143 285 144 !
Line 4 255 51 204 285 144 287 145 !
Line 4 255 51 204 287 145 287 146 !
Line 4 255 51 204 287 146 289 147 !
Line 4 255 51 204 289 147 291 149 !
Line 4 255 51 204 291 149 291 149 !
Line 4 255 51 204 291 149 293 150 !
Line 4 255 51 204 293 150 294 151 !
Line 4 255 51 204 294 151 295 152 !
Line 4 255 51 204 295 152 296 153 !
Line 4 255 51 204 296 153 298 153 !
Line 4 255 51 204 298 153 299 155 !
Line 4 255 51 204 299 155 299 156 !
Line 4 255 51 204 299 156 301 156 !
Line 4 255 51 204 301 156 302 157 !
Line 4 255 51 204 302 157 303 158 !
Line 4 255 51 204 303 158 304 159 !
Line 4 255 51 204 304 159 305 160 !
Line 4 255 51 204 305 160 308 162 !
Line 4 255 51 204 308 162 309 163 !
Line 4 255 51 204 309 163 311 164 !
Line 4 255 51 204 311 164 311 164 !
Line 4 255 51 204 311 164 312 165 !
Line 4 255 51 204 312 165 313 166 !
Line 4 255 51 204 313 166 314 166 !
Line 4 255 51 204 314 166 315 167 !
Line 4 255 51 204 315 167 316 168 !
Line 4 255 51 204 316 168 318 168 !
Line 4 255 51 204 318 168 319 169 !
Line 4 255 51 204 319 169 320 170 !
Line 4 255 51 204 320 170 321 171 !
Line 4 255 51 204 321 171 322 172 !
Line 4 255 51 204 322 172 323 172 !
Line 4 255 51 204 323 172 324 172 !
Line 4 255 51 204 324 172 326 173 !
Line 4 255 51 204 326 173 326 174 !
Line 4 255 51 204 326 174 327 174 !
Line 4 255 51 204 327 174 327 174 !
Line 4 255 51 204 327 174 328 174 !
Line 4 255 51 204 328 174 329 175 !
Line 4 255 51 204 329 175 331 176 !
Line 4 255 51 204 331 176 331 176 !
Line 4 255 51 204 331 176 331 176 !
Line 4 255 51 204 331 176 332 176 !
Line 4 255 51 204 332 176 334 177 !
Line 4 255 51 204 334 177 335 177 !
Line 4 255 51 204 335 177 335 177 !
Line 4 255 51 204 335 177 336 178 !
Line 4 255 51 204 336 178 338 178 !
Line 4 255 51 204 338 178 338 179 !
Line 4 255 51 204 338 179 339 179 !
Line 4 255 51 204 339 179 339 179 !
Line 4 255 51 204 339 179 340 180 !
Line 4 255 51 204 340 180 341 180 !
Line 4 255 51 204 341 180 342 180 !
Line 4 255 51 204 342 180 343 180 !
Line 4 255 51 204 343 180 343 180 !
Line 4 255 51 204 343 180 344 180 !
Line 4 255 51 204 344 180 345 180 !
Line 4 255 51 204 345 180 347 180 !
Line 4 255 51 204 347 180 347 180 !
Line 4 255 51 204 347 180 348 180 !
Line 4 255 51 204 348 180 349 180 !
Line 4 255 51 204 349 180 350 180 !
Line 4 255 51 204 350 180 351 180 !
Line 4 255 51 204 351 180 351 180 !
Line 4 255 51 204 351 180 352 180 !
Line 4 255 51 204 352 180 353 180 !
Line 4 255 51 204 353 180 354 180 !
Line 4 255 51 204 354 180 355 180 !
Line 4 255 51 204 355 180 355 180 !
Line 4 255 51 204 355 180 356 180 !
Line 4 255 51 204 356 180 357 180 !
Line 4 255 51 204 357 180 358 180 !
Line 4 255 51 204 358 180 359 180 !
Line 4 255 51 204 359 180 359 180 !
Line 4 255 51 204 359 180 360 179 !
Line 4 255 51 204 360 179 361 179 !
Line 4 255 51 204 361 179 362 178 !
Line 4 255 51 204 362 178 362 177 !
Line 4 255 51 204 362 177 363 177 !
Line 4 255 51 204 363 177 363 176 !
Line 4 255 51 204 363 176 364 176 !
Line 4 255 51 204 364 176 365 176 !
Line 4 255 51 204 365 176 366 176 !
Line 4 255 51 204 366 176 366 175 !
Line 4 255 51 204 366 175 367 174 !
Line 4 255 51 204 367 174 367 173 !
Line 4 255 51 204 367 173 367 172 !
Line 4 255 51 204 367 172 367 172 !
Line 4 255 51 204 367 172 367 171 !
Line 4 255 51 204 367 171 367 170 !
Line 4 255 51 204 367 170 367 169 !
Line 4 255 51 204 367 169 367 168 !
Line 4 255 51 204 367 168 367 168 !
Line 4 255 51 204 367 168 366 168 !
Line 4 255 51 204 366 168 365 168 !
Line 4 255 51 204 365 168 365 167 !
Line 4 255 51 204 365 167 364 167 !
Line 4 255 51 204 364 167 363 167 !
Line 4 255 51 204 363 167 363 167 !
Line 4 255 51 204 363 167 362 167 !
Line 4 255 51 204 362 167 362 166 !
Line 4 255 51 204 362 166 361 166 !
Line 4 255 51 204 361 166 360 166 !
Line 4 255 51 204 360 166 359 166 !
Line 4 0 0 0 152 120 151 121 !
Line 4 0 0 0 151 121 151 122 !
Line 4 0 0 0 151 122 151 123 !
Line 4 0 0 0 151 123 151 124 !
Line 4 0 0 0 151 124 151 125 !
Line 4 0 0 0 151 125 151 127 !
Line 4 0 0 0 151 127 151 128 !
Line 4 0 0 0 151 128 151 128 !
Line 4 0 0 0 151 128 151 132 !
Line 4 0 0 0 151 132 151 133 !
Line 4 0 0 0 151 133 150 137 !
Line 4 0 0 0 150 137 150 140 !
Line 4 0 0 0 150 140 149 141 !
Line 4 0 0 0 149 141 149 143 !
Line 4 0 0 0 149 143 148 148 !
Line 4 0 0 0 148 148 148 149 !
Line 4 0 0 0 148 149 148 150 !
Line 4 0 0 0 148 150 148 152 !
Line 4 0 0 0 148 152 148 153 !
Line 4 0 0 0 148 153 147 160 !
Line 4 0 0 0 147 160 147 162 !
Line 4 0 0 0 147 162 147 164 !
Line 4 0 0 0 147 164 147 167 !
Line 4 0 0 0 147 167 147 168 !
Line 4 0 0 0 147 168 147 176 !
Line 4 0 0 0 147 176 147 176 !
Line 4 0 0 0 147 176 147 178 !
Line 4 0 0 0 147 178 147 183 !
Line 4 0 0 0 147 183 147 188 !
Line 4 0 0 0 147 188 147 189 !
Line 4 0 0 0 147 189 147 191 !
Line 4 0 0 0 147 191 147 193 !
Line 4 0 0 0 147 193 147 194 !
Line 4 0 0 0 147 194 147 195 !
Line 4 0 0 0 147 195 147 200 !
Line 4 0 0 0 147 200 147 203 !
Line 4 0 0 0 147 203 147 204 !
Line 4 0 0 0 147 204 147 206 !
Line 4 0 0 0 147 206 147 208 !
Line 4 0 0 0 147 208 147 211 !
Line 4 0 0 0 147 211 147 212 !
Line 4 0 0 0 147 212 146 215 !
Line 4 0 0 0 146 215 146 216 !
Line 4 0 0 0 146 216 146 218 !
Line 4 0 0 0 146 218 145 220 !
Line 4 0 0 0 145 220 145 222 !
Line 4 0 0 0 145 222 145 223 !
Line 4 0 0 0 145 223 144 225 !
Line 4 0 0 0 144 225 144 226 !
Line 4 0 0 0 144 226 144 228 !
Line 4 0 0 0 144 228 143 230 !
Line 4 0 0 0 143 230 143 231 !
Line 4 0 0 0 143 231 143 233 !
Line 4 0 0 0 143 233 143 234 !
Line 4 0 0 0 143 234 142 239 !
Line 4 0 0 0 142 239 141 240 !
Line 4 0 0 0 141 240 141 241 !
Line 4 0 0 0 141 241 141 243 !
Line 4 0 0 0 141 243 141 244 !
Line 4 0 0 0 141 244 140 245 !
Line 4 0 0 0 140 245 140 247 !
Line 4 0 0 0 140 247 140 248 !
Line 4 0 0 0 140 248 139 249 !
Line 4 0 0 0 139 249 139 252 !
Line 4 0 0 0 139 252 139 253 !
Line 4 0 0 0 139 253 139 255 !
Line 4 0 0 0 139 255 139 256 !
Line 4 0 0 0 139 256 138 257 !
Line 4 0 0 0 138 257 138 259 !
Line 4 0 0 0 138 259 138 260 !
Line 4 0 0 0 138 260 138 260 !
Line 4 0 0 0 138 260 137 261 !
Line 4 0 0 0 137 261 137 262 !
Line 4 0 0 0 137 262 137 263 !
Line 4 0 0 0 137 263 137 264 !
Line 4 0 0 0 137 264 137 264 !
Line 4 0 0 0 137 264 137 265 !
Line 4 0 0 0 137 265 137 266 !
Line 4 0 0 0 137 266 137 267 !
Line 4 0 0 0 137 267 137 268 !
Line 4 0 0 0 137 268 137 268 !
Line 4 0 0 0 137 268 137 269 !
Line 4 0 0 0 137 269 137 270 !
Line 4 0 0 0 377 412 376 412 !
Line 4 0 0 0 376 412 375 412 !
Line 4 0 0 0 375 412 375 412 !
Line 4 0 0 0 375 412 375 412 !
Line 4 0 0 0 375 412 374 412 !
Line 4 0 0 0 374 412 373 413 !
Line 4 0 0 0 373 413 372 413 !
Line 4 0 0 0 372 413 372 414 !
Line 4 0 0 0 372 414 371 415 !
Line 4 0 0 0 371 415 371 416 !
Line 4 0 0 0 371 416 370 416 !
Line 4 0 0 0 370 416 370 416 !
Line 4 0 0 0 370 416 368 417 !
Line 4 0 0 0 368 417 367 418 !
Line 4 0 0 0 367 418 367 418 !
Line 4 0 0 0 367 418 366 419 !
Line 4 0 0 0 366 419 365 420 !
Line 4 0 0 0 365 420 364 420 !
Line 4 0 0 0 364 420 363 420 !
Line 4 0 0 0 363 420 363 421 !
Line 4 0 0 0 363 421 363 422 !
Line 4 0 0 0 363 422 362 422 !
Line 4 0 0 0 362 422 361 422 !
Line 4 0 0 0 361 422 361 423 !
Line 4 0 0 0 361 423 359 424 !
Line 4 0 0 0 359 424 359 424 !
Line 4 0 0 0 359 424 358 426 !
Line 4 0 0 0 358 426 357 426 !
Line 4 0 0 0 357 426 356 427 !
Line 4 0 0 0 356 427 355 427 !
Line 4 0 0 0 355 427 355 428 !
Line 4 0 0 0 355 428 355 428 !
Line 4 0 0 0 355 428 354 429 !
Line 4 0 0 0 354 429 353 430 !
Line 4 0 0 0 353 430 352 430 !
Line 4 0 0 0 352 430 351 431 !
Line 4 0 0 0 351 431 351 432 !
Line 4 0 0 0 351 432 350 432 !
Line 4 0 0 0 350 432 349 433 !
Line 4 0 0 0 349 433 349 434 !
Line 4 0 0 0 349 434 348 435 !
Line 4 0 0 0 348 435 347 436 !
Line 4 0 0 0 347 436 346 436 !
Line 4 0 0 0 346 436 345 437 !
Line 4 0 0 0 345 437 344 438 !
Line 4 0 0 0 344 438 342 440 !
Line 4 0 0 0 342 440 340 442 !
Line 4 0 0 0 340 442 339 443 !
Line 4 0 0 0 339 443 339 444 !
Line 4 0 0 0 339 444 339 444 !
Line 4 0 0 0 339 444 336 446 !
Line 4 0 0 0 336 446 335 447 !
Line 4 0 0 0 335 447 335 448 !
Line 4 0 0 0 335 448 334 448 !
Line 4 0 0 0 334 448 332 450 !
Line 4 0 0 0 332 450 331 450 !
Line 4 0 0 0 331 450 331 451 !
Line 4 0 0 0 331 451 328 454 !
Line 4 0 0 0 328 454 327 455 !
Line 4 0 0 0 327 455 326 456 !
Line 4 0 0 0 326 456 325 456 !
Line 4 0 0 0 325 456 324 457 !
Line 4 0 0 0 324 457 324 458 !
Line 4 0 0 0 324 458 321 460 !
Line 4 0 0 0 321 460 319 462 !
Line 4 0 0 0 319 462 319 462 !
Line 4 0 0 0 319 462 317 464 !
Line 4 0 0 0 317 464 316 464 !
Line 4 0 0 0 316 464 315 465 !
Line 4 0 0 0 315 465 314 466 !
Line 4 0 0 0 314 466 311 468 !
Line 4 0 0 0 311 468 309 469 !
Line 4 0 0 0 309 469 305 472 !
Line 4 0 0 0 305 472 303 474 !
Line 4 0 0 0 303 474 302 476 !
Line 4 0 0 0 302 476 299 476 !
Line 4 0 0 0 299 476 299 477 !
Line 4 0 0 0 299 477 297 478 !
Line 4 0 0 0 297 478 296 479 !
Line 4 0 0 0 296 479 295 480 !
Line 4 0 0 0 295 480 295 480 !
Line 4 0 0 0 295 480 293 481 !
Line 4 0 0 0 293 481 289 484 !
Line 4 0 0 0 289 484 287 486 !
Line 4 0 0 0 287 486 285 487 !
Line 4 0 0 0 285 487 283 488 !
Line 4 0 0 0 283 488 281 489 !
Line 4 0 0 0 281 489 280 490 !
Line 4 0 0 0 280 490 279 491 !
Line 4 0 0 0 279 491 276 492 !
Line 4 0 0 0 276 492 275 493 !
Line 4 0 0 0 275 493 274 494 !
Line 4 0 0 0 274 494 273 496 !
Line 4 0 0 0 273 496 271 496 !
Line 4 0 0 0 271 496 271 496 !
Line 4 0 0 0 271 496 267 498 !
Line 4 0 0 0 267 498 266 499 !
Line 4 0 0 0 266 499 265 500 !
Line 4 0 0 0 265 500 263 501 !
Line 4 0 0 0 263 501 263 502 !
Line 4 0 0 0 263 502 262 502 !
Line 4 0 0 0 262 502 259 504 !
Line 4 0 0 0 259 504 259 504 !
Line 4 0 0 0 259 504 254 507 !
Line 4 0 0 0 254 507 253 507 !
Line 4 0 0 0 253 507 253 508 !
Line 4 0 0 0 253 508 251 508 !
Line 4 0 0 0 251 508 249 510 !
Line 4 0 0 0 249 510 248 510 !
Line 4 0 0 0 248 510 247 512 !
Line 4 0 0 0 247 512 246 512 !
Line 4 0 0 0 246 512 245 512 !
Line 4 0 0 0 245 512 245 512 !
Line 4 0 0 0 245 512 244 512 !
Line 4 0 0 0 244 512 244 513 !
Line 4 0 0 0 244 513 243 514 !
Line 4 0 0 0 243 514 243 514 !
Line 4 0 0 0 243 514 243 515 !
Line 4 0 0 0 243 515 242 515 !
Line 4 0 0 0 242 515 242 516 !
Line 4 0 0 0 242 516 241 516 !
Line 4 0 0 0 241 516 241 516 !
Line 4 0 0 0 241 516 241 516 !
Line 4 0 0 0 241 516 241 515 !
Line 4 0 0 0 241 515 241 514 !
Line 4 0 0 0 241 514 241 513 !
Line 4 0 0 0 241 513 241 512 !
Line 4 0 0 0 241 512 241 512 !
Line 4 0 0 0 241 512 241 511 !
Line 4 0 0 0 241 511 241 509 !
Line 4 0 0 0 241 509 241 508 !
Line 4 0 0 0 241 508 241 508 !
Line 4 0 0 0 241 508 241 507 !
Line 4 0 0 0 241 507 241 505 !
Line 4 0 0 0 241 505 241 504 !
Line 4 0 0 0 241 504 241 504 !
Line 4 0 0 0 241 504 241 503 !
Line 4 0 0 0 241 503 241 500 !
Line 4 0 0 0 241 500 241 499 !
Line 4 0 0 0 241 499 241 497 !
Line 4 0 0 0 241 497 241 496 !
Line 4 0 0 0 241 496 241 494 !
Line 4 0 0 0 241 494 241 493 !
Line 4 0 0 0 241 493 241 491 !
Line 4 0 0 0 241 491 241 489 !
Line 4 0 0 0 241 489 241 488 !
Line 4 0 0 0 241 488 241 487 !
Line 4 0 0 0 241 487 241 484 !
Line 4 0 0 0 241 484 241 484 !
Line 4 0 0 0 241 484 242 480 !
Line 4 0 0 0 242 480 242 480 !
Line 4 0 0 0 242 480 243 476 !
Line 4 0 0 0 243 476 243 475 !
Line 4 0 0 0 243 475 243 474 !
Line 4 0 0 0 243 474 243 472 !
Line 4 0 0 0 243 472 243 470 !
Line 4 0 0 0 243 470 244 468 !
Line 4 0 0 0 244 468 244 465 !
Line 4 0 0 0 244 465 245 462 !
Line 4 0 0 0 245 462 245 461 !
Line 4 0 0 0 245 461 245 460 !
Line 4 0 0 0 245 460 245 457 !
Line 4 0 0 0 245 457 246 454 !
Line 4 0 0 0 246 454 247 453 !
Line 4 0 0 0 247 453 247 452 !
Line 4 0 0 0 247 452 247 448 !
Line 4 0 0 0 247 448 247 446 !
Line 4 0 0 0 247 446 248 444 !
Line 4 0 0 0 248 444 249 439 !
Line 4 0 0 0 249 439 250 436 !
Line 4 0 0 0 250 436 251 433 !
Line 4 0 0 0 251 433 251 431 !
Line 4 0 0 0 251 431 251 428 !
Line 4 0 0 0 251 428 252 427 !
Line 4 0 0 0 252 427 252 425 !
Line 4 0 0 0 252 425 253 421 !
Line 4 0 0 0 253 421 253 420 !
Line 4 0 0 0 253 420 254 419 !
Line 4 0 0 0 254 419 254 418 !
Line 4 0 0 0 254 418 255 416 !
Line 4 0 0 0 255 416 255 414 !
Line 4 0 0 0 255 414 255 410 !
Line 4 0 0 0 255 410 255 409 !
Line 4 0 0 0 255 409 256 408 !
Line 4 0 0 0 256 408 256 406 !
Line 4 0 0 0 256 406 258 404 !
Line 4 0 0 0 258 404 258 404 !
Line 4 0 0 0 258 404 258 403 !
Line 4 0 0 0 258 403 259 401 !
Line 4 0 0 0 259 401 259 400 !
Line 4 0 0 0 259 400 260 400 !
Line 4 0 0 0 260 400 260 399 !
Line 4 0 0 0 260 399 260 398 !
Line 4 0 0 0 260 398 261 396 !
Line 4 0 0 0 261 396 261 396 !
Line 4 0 0 0 261 396 262 395 !
Line 4 0 0 0 262 395 263 395 !
Line 4 0 0 0 263 395 263 392 !
Line 4 0 0 0 263 392 264 392 !
Line 4 0 0 0 264 392 265 391 !
Line 4 0 0 0 265 391 265 390 !
Line 4 0 0 0 265 390 266 389 !
Line 4 0 0 0 266 389 267 388 !
Line 4 0 0 0 267 388 267 388 !
Line 4 0 0 0 267 388 268 387 !
Line 4 0 0 0 268 387 268 386 !
Line 4 0 0 0 268 386 269 386 !
Line 4 0 0 0 269 386 270 386 !
Line 4 0 0 0 270 386 271 385 !
Line 4 0 0 0 271 385 271 385 !
Line 4 0 0 0 271 385 272 384 !
Line 4 0 0 0 272 384 273 384 !
Line 4 0 0 0 273 384 274 384 !
Line 4 0 0 0 274 384 274 384 !
Line 4 0 0 0 274 384 275 384 !
Line 4 0 0 0 275 384 275 384 !
Line 4 0 0 0 275 384 276 383 !
Line 4 0 0 0 276 383 278 383 !
Line 4 0 0 0 278 383 279 383 !
Line 4 0 0 0 279 383 279 383 !
Line 4 0 0 0 279 383 280 383 !
Line 4 0 0 0 280 383 281 383 !
Line 4 0 0 0 281 383 282 383 !
Line 4 0 0 0 282 383 283 383 !
Line 4 0 0 0 283 383 283 383 !
Line 4 0 0 0 283 383 285 383 !
Line 4 0 0 0 285 383 287 383 !
Line 4 0 0 0 287 383 289 383 !
Line 4 0 0 0 289 383 290 383 !
Line 4 0 0 0 290 383 291 383 !
Line 4 0 0 0 291 383 293 383 !
Line 4 0 0 0 293 383 294 383 !
Line 4 0 0 0 294 383 297 384 !
Line 4 0 0 0 297 384 298 384 !
Line 4 0 0 0 298 384 299 384 !
Line 4 0 0 0 299 384 300 384 !
Line 4 0 0 0 300 384 301 385 !
Line 4 0 0 0 301 385 303 385 !
Line 4 0 0 0 303 385 303 386 !
Line 4 0 0 0 303 386 304 386 !
Line 4 0 0 0 304 386 305 386 !
Line 4 0 0 0 305 386 307 386 !
Line 4 0 0 0 307 386 307 386 !
Line 4 0 0 0 307 386 310 387 !
Line 4 0 0 0 310 387 311 387 !
Line 4 0 0 0 311 387 312 388 !
Line 4 0 0 0 312 388 313 388 !
Line 4 0 0 0 313 388 314 388 !
Line 4 0 0 0 314 388 317 389 !
Line 4 0 0 0 317 389 318 389 !
Line 4 0 0 0 318 389 319 390 !
Line 4 0 0 0 319 390 319 391 !
Line 4 0 0 0 319 391 323 391 !
Line 4 0 0 0 323 391 323 392 !
Line 4 0 0 0 323 392 324 392 !
Line 4 0 0 0 324 392 325 392 !
Line 4 0 0 0 325 392 326 393 !
Line 4 0 0 0 326 393 327 393 !
Line 4 0 0 0 327 393 327 394 !
Line 4 0 0 0 327 394 328 395 !
Line 4 0 0 0 328 395 329 396 !
Line 4 0 0 0 329 396 331 396 !
Line 4 0 0 0 331 396 331 396 !
Line 4 0 0 0 331 396 331 398 !
Line 4 0 0 0 331 398 333 398 !
Line 4 0 0 0 333 398 334 400 !
Line 4 0 0 0 334 400 335 400 !
Line 4 0 0 0 335 400 335 400 !
Line 4 0 0 0 335 400 335 401 !
Line 4 0 0 0 335 401 336 402 !
Line 4 0 0 0 336 402 338 403 !
Line 4 0 0 0 338 403 339 404 !
Line 4 0 0 0 339 404 339 405 !
Line 4 0 0 0 339 405 340 406 !
Line 4 0 0 0 340 406 340 407 !
Line 4 0 0 0 340 407 342 408 !
Line 4 0 0 0 342 408 343 410 !
Line 4 0 0 0 343 410 343 413 !
Line 4 0 0 0 343 413 344 415 !
Line 4 0 0 0 344 415 345 416 !
Line 4 0 0 0 345 416 347 419 !
Line 4 0 0 0 347 419 347 420 !
Line 4 0 0 0 347 420 347 422 !
Line 4 0 0 0 347 422 347 424 !
Line 4 0 0 0 347 424 348 425 !
Line 4 0 0 0 348 425 349 428 !
Line 4 0 0 0 349 428 350 430 !
Line 4 0 0 0 350 430 350 431 !
Line 4 0 0 0 350 431 350 432 !
Line 4 0 0 0 350 432 351 434 !
Line 4 0 0 0 351 434 351 436 !
Line 4 0 0 0 351 436 351 439 !
Line 4 0 0 0 351 439 351 440 !
Line 4 0 0 0 351 440 351 441 !
Line 4 0 0 0 351 441 351 444 !
Line 4 0 0 0 351 444 351 445 !
Line 4 0 0 0 351 445 351 448 !
Line 4 0 0 0 351 448 351 450 !
Line 4 0 0 0 351 450 351 452 !
Line 4 0 0 0 351 452 351 453 !
Line 4 0 0 0 351 453 351 455 !
Line 4 0 0 0 351 455 351 456 !
Line 4 0 0 0 351 456 351 458 !
Line 4 0 0 0 351 458 351 459 !
Line 4 0 0 0 351 459 350 461 !
Line 4 0 0 0 350 461 349 463 !
Line 4 0 0 0 349 463 348 464 !
Line 4 0 0 0 348 464 347 465 !
Line 4 0 0 0 347 465 346 467 !
Line 4 0 0 0 346 467 346 468 !
Line 4 0 0 0 346 468 344 469 !
Line 4 0 0 0 344 469 343 471 !
Line 4 0 0 0 343 471 342 472 !
Line 4 0 0 0 342 472 341 472 !
Line 4 0 0 0 341 472 341 473 !
Line 4 0 0 0 341 473 340 473 !
Line 4 0 0 0 340 473 339 474 !
Line 4 0 0 0 339 474 339 474 !
Line 4 0 0 0 339 474 337 475 !
Line 4 0 0 0 337 475 337 476 !
Line 4 0 0 0 337 476 335 476 !
Line 4 0 0 0 335 476 332 477 !
Line 4 0 0 0 332 477 331 478 !
Line 4 0 0 0 331 478 328 479 !
Line 4 0 0 0 328 479 327 479 !
Line 4 0 0 0 327 479 323 480 !
Line 4 0 0 0 323 480 322 480 !
Line 4 0 0 0 322 480 319 480 !
Line 4 0 0 0 319 480 316 480 !
Line 4 0 0 0 316 480 313 480 !
Line 4 0 0 0 313 480 311 480 !
Line 4 0 0 0 311 480 307 480 !
Line 4 0 0 0 307 480 303 480 !
Line 4 0 0 0 303 480 299 479 !
Line 4 0 0 0 299 479 295 477 !
Line 4 0 0 0 295 477 292 476 !
Line 4 0 0 0 292 476 289 476 !
Line 4 0 0 0 289 476 286 475 !
Line 4 0 0 0 286 475 282 474 !
Line 4 0 0 0 282 474 279 473 !
Line 4 0 0 0 279 473 277 473 !
Line 4 0 0 0 277 473 271 471 !
Line 4 0 0 0 271 471 268 470 !
Line 4 0 0 0 268 470 266 469 !
Line 4 0 0 0 266 469 263 468 !
Line 4 0 0 0 263 468 259 468 !
Line 4 0 0 0 259 468 256 467 !
Line 4 0 0 0 256 467 255 466 !
Line 4 0 0 0 255 466 254 466 !
Line 4 0 0 0 254 466 249 464 !
Line 4 0 0 0 249 464 247 463 !
Line 4 0 0 0 247 463 246 463 !
Line 4 0 0 0 246 463 244 462 !
Line 4 0 0 0 244 462 241 461 !
Line 4 0 0 0 241 461 239 460 !
Line 4 0 0 0 239 460 239 460 !
Line 4 0 0 0 239 460 237 460 !
Line 4 0 0 0 237 460 235 459 !
Line 4 0 0 0 235 459 232 458 !
Line 4 0 0 0 232 458 229 457 !
Line 4 0 0 0 229 457 227 456 !
Line 4 0 0 0 227 456 224 455 !
Line 4 0 0 0 224 455 223 455 !
Line 4 0 0 0 223 455 222 454 !
Line 4 0 0 0 222 454 220 453 !
Line 4 0 0 0 220 453 218 452 !
Line 4 0 0 0 218 452 217 452 !
Line 4 0 0 0 217 452 215 451 !
Line 4 0 0 0 215 451 215 451 !
Line 4 0 0 0 215 451 214 450 !
Line 4 0 0 0 214 450 211 449 !
Line 4 0 0 0 211 449 209 448 !
Line 4 0 0 0 209 448 208 447 !
Line 4 0 0 0 208 447 207 446 !
Line 4 0 0 0 207 446 205 445 !
Line 4 0 0 0 205 445 204 445 !
Line 4 0 0 0 204 445 202 443 !
Line 4 0 0 0 202 443 202 442 !
Line 4 0 0 0 202 442 199 440 !
Line 4 0 0 0 199 440 199 440 !
Line 4 0 0 0 199 440 199 438 !
Line 4 0 0 0 199 438 198 437 !
Line 4 0 0 0 198 437 197 436 !
Line 4 0 0 0 197 436 197 435 !
Line 4 0 0 0 197 435 196 434 !
Line 4 0 0 0 196 434 196 433 !
Line 4 0 0 0 196 433 195 432 !
Line 4 0 0 0 195 432 195 431 !
Line 4 0 0 0 195 431 195 429 !
Line 4 0 0 0 195 429 195 427 !
Line 4 0 0 0 195 427 195 425 !
Line 4 0 0 0 195 425 195 424 !
Line 4 0 0 0 195 424 195 424 !
Line 4 0 0 0 195 424 195 421 !
Line 4 0 0 0 195 421 195 420 !
Line 4 0 0 0 195 420 195 418 !
Line 4 0 0 0 195 418 195 416 !
Line 4 0 0 0 195 416 195 416 !
Line 4 0 0 0 195 416 195 415 !
Line 4 0 0 0 195 415 196 411 !
Line 4 0 0 0 196 411 197 410 !
Line 4 0 0 0 197 410 197 409 !
Line 4 0 0 0 197 409 199 408 !
Line 4 0 0 0 199 408 199 405 !
Line 4 0 0 0 199 405 199 404 !
Line 4 0 0 0 199 404 200 403 !
Line 4 0 0 0 200 403 202 402 !
Line 4 0 0 0 202 402 203 400 !
Line 4 0 0 0 203 400 203 400 !
Line 4 0 0 0 203 400 204 399 !
Line 4 0 0 0 204 399 206 396 !
Line 4 0 0 0 206 396 207 396 !
Line 4 0 0 0 207 396 208 396 !
Line 4 0 0 0 208 396 208 395 !
Line 4 0 0 0 208 395 209 394 !
Line 4 0 0 0 209 394 210 393 !
Line 4 0 0 0 210 393 210 392 !
Line 4 0 0 0 210 392 211 392 !
Line 4 0 0 0 211 392 212 392 !
Line 4 0 0 0 212 392 213 391 !
Line 4 0 0 0 213 391 214 391 !
Line 4 0 0 0 214 391 215 390 !
Line 4 0 0 0 215 390 215 390 !
Line 4 0 0 0 215 390 216 389 !
Line 4 0 0 0 216 389 218 388 !
Line 4 0 0 0 218 388 219 388 !
Line 4 0 0 0 219 388 219 388 !
Line 4 0 0 0 219 388 222 387 !
Line 4 0 0 0 222 387 223 387 !
Line 4 0 0 0 223 387 223 387 !
Line 4 0 0 0 223 387 224 387 !
Line 4 0 0 0 224 387 225 387 !
Line 4 0 0 0 225 387 225 386 !
Line 4 0 0 0 225 386 226 386 !
Line 4 0 0 0 226 386 227 386 !
Line 4 0 0 0 227 386 227 386 !
Line 4 0 0 0 227 386 228 386 !
Line 4 0 0 0 228 386 229 386 !
Line 4 0 0 0 229 386 231 386 !
Line 4 0 0 0 231 386 231 386 !
Line 4 0 0 0 231 386 232 386 !
Line 4 0 0 0 232 386 234 386 !
Line 4 0 0 0 234 386 236 386 !
Line 4 0 0 0 236 386 236 387 !
Line 4 0 0 0 236 387 238 388 !
Line 4 0 0 0 238 388 239 388 !
Line 4 0 0 0 239 388 242 389 !
Line 4 0 0 0 242 389 243 389 !
Line 4 0 0 0 243 389 244 390 !
Line 4 0 0 0 244 390 245 390 !
Line 4 0 0 0 245 390 246 391 !
Line 4 0 0 0 246 391 247 391 !
Line 4 0 0 0 247 391 249 392 !
Line 4 0 0 0 249 392 251 394 !
Line 4 0 0 0 251 394 252 395 !
Line 4 0 0 0 252 395 254 396 !
Line 4 0 0 0 254 396 255 396 !
Line 4 0 0 0 255 396 256 396 !
Line 4 0 0 0 256 396 259 400 !
Line 4 0 0 0 259 400 261 400 !
Line 4 0 0 0 261 400 264 402 !
Line 4 0 0 0 264 402 266 403 !
Line 4 0 0 0 266 403 267 404 !
Line 4 0 0 0 267 404 269 405 !
Line 4 0 0 0 269 405 270 406 !
Line 4 0 0 0 270 406 273 408 !
Line 4 0 0 0 273 408 275 408 !
Line 4 0 0 0 275 408 277 411 !
Line 4 0 0 0 277 411 278 411 !
Line 4 0 0 0 278 411 279 412 !
Line 4 0 0 0 279 412 280 414 !
Line 4 0 0 0 280 414 283 415 !
Line 4 0 0 0 283 415 283 416 !
Line 4 0 0 0 283 416 285 417 !
Line 4 0 0 0 285 417 287 419 !
Line 4 0 0 0 287 419 287 419 !
Line 4 0 0 0 287 419 289 420 !
Line 4 0 0 0 289 420 290 421 !
Line 4 0 0 0 290 421 291 421 !
Line 4 0 0 0 291 421 293 424 !
Line 4 0 0 0 293 424 295 425 !
Line 4 0 0 0 295 425 296 427 !
Line 4 0 0 0 296 427 297 427 !
Line 4 0 0 0 297 427 297 428 !
Line 4 0 0 0 297 428 299 429 !
Line 4 0 0 0 299 429 300 431 !
Line 4 0 0 0 300 431 301 432 !
Line 4 0 0 0 301 432 302 432 !
Line 4 0 0 0 302 432 302 433 !
Line 4 0 0 0 302 433 303 434 !
Line 4 0 0 0 303 434 303 435 !
Line 4 0 0 0 303 435 303 436 !
Line 4 0 0 0 303 436 304 437 !
Line 4 0 0 0 304 437 304 438 !
Line 4 0 0 0 304 438 304 439 !
Line 4 0 0 0 304 439 304 440 !
Line 4 0 0 0 304 440 304 440 !
Line 4 0 0 0 304 440 304 441 !
Line 4 0 0 0 304 441 304 442 !
Line 4 0 0 0 304 442 304 443 !
Line 4 0 0 0 304 443 304 444 !
Line 4 0 0 0 304 444 304 444 !
Line 4 0 0 0 304 444 304 445 !
Line 4 0 0 0 304 445 303 446 !
Line 4 0 0 0 303 446 303 447 !
Line 4 0 0 0 303 447 303 447 !
Line 4 0 0 0 303 447 303 448 !
Line 4 0 0 0 303 448 303 448 !
Line 4 0 0 0 303 448 302 449 !
Line 4 0 0 0 302 449 301 450 !
Line 4 0 0 0 301 450 300 451 !
Line 4 0 0 0 300 451 299 452 !
Line 4 0 0 0 299 452 299 452 !
Line 4 0 0 0 299 452 298 452 !
Line 4 0 0 0 298 452 298 453 !
Line 4 0 0 0 298 453 296 454 !
Line 4 0 0 0 296 454 296 455 !
Line 4 0 0 0 296 455 295 455 !
Line 4 0 0 0 295 455 295 456 !
Line 4 0 0 0 295 456 294 456 !
Line 4 0 0 0 294 456 293 456 !
Line 4 0 0 0 293 456 293 456 !
Line 4 0 0 0 293 456 293 457 !
Line 4 0 0 0 293 457 292 457 !
Line 4 0 0 0 292 457 291 457 !
Line 4 0 0 0 291 457 291 457 !
Line 4 0 0 0 291 457 291 458 !
Line 4 0 0 0 291 458 290 458 !
Line 4 0 0 0 290 458 289 459 !
Line 4 0 0 0 289 459 288 459 !
Line 4 0 0 0 288 459 288 460 !
Line 4 0 0 0 288 460 287 460 !
Line 4 0 0 0 287 460 287 460 !
Line 4 0 0 0 287 460 286 460 !
Line 4 0 0 0 286 460 286 459 !
Line 4 0 0 0 286 459 285 459 !
Line 4 0 0 0 285 459 285 458 !
Line 4 0 0 0 285 458 285 457 !
Line 4 0 0 0 285 457 285 456 !
Line 4 0 0 0 285 456 284 456 !
Line 4 0 0 0 284 456 284 456 !
Line 4 0 0 0 284 456 284 455 !
Line 4 0 0 0 284 455 284 454 !
Line 4 0 0 0 284 454 284 452 !
Line 4 0 0 0 284 452 284 452 !
Line 4 0 0 0 284 452 284 451 !
Line 4 0 0 0 284 451 284 450 !
Line 4 0 0 0 284 450 283 448 !
Line 4 0 0 0 283 448 283 448 !
Line 4 0 0 0 283 448 283 445 !
Line 4 0 0 0 283 445 283 444 !
Line 4 0 0 0 283 444 283 442 !
Line 4 0 0 0 283 442 283 441 !
Line 4 0 0 0 283 441 282 439 !
Line 4 0 0 0 282 439 282 437 !
Line 4 0 0 0 282 437 281 436 !
Line 4 0 0 0 281 436 281 435 !
Line 4 0 0 0 281 435 281 432 !
Line 4 0 0 0 281 432 281 429 !
Line 4 0 0 0 281 429 280 428 !
Line 4 0 0 0 280 428 280 426 !
Line 4 0 0 0 280 426 280 424 !
Line 4 0 0 0 280 424 280 423 !
Line 4 0 0 0 280 423 280 421 !
Line 4 0 0 0 280 421 280 420 !
Line 4 0 0 0 280 420 280 420 !
Line 4 0 0 0 280 420 280 419 !
Line 4 0 0 0 280 419 280 418 !
Line 4 0 0 0 280 418 280 417 !
Line 4 0 0 0 280 417 280 416 !
Line 4 0 0 0 280 416 280 414 !
Line 4 0 0 0 280 414 281 412 !
Line 4 0 0 0 281 412 281 412 !
Line 4 0 0 0 281 412 281 411 !
Line 4 0 0 0 281 411 281 410 !
Line 4 0 0 0 281 410 282 408 !
Line 4 0 0 0 282 408 282 408 !
Line 4 0 0 0 282 408 283 407 !
Line 4 0 0 0 283 407 283 406 !
Line 4 0 0 0 283 406 283 405 !
Line 4 0 0 0 283 405 283 404 !
Line 4 0 0 0 283 404 284 404 !
Line 4 0 0 0 284 404 284 403 !
Line 4 0 0 0 284 403 284 402 !
Line 4 0 0 0 284 402 284 401 !
Line 4 0 0 0 284 401 285 400 !
Line 4 0 0 0 285 400 285 400 !
Line 4 0 0 0 285 400 286 400 !
Line 4 0 0 0 286 400 287 399 !
Line 4 0 0 0 287 399 287 398 !
Line 4 0 0 0 287 398 287 397 !
Line 4 0 0 0 287 397 287 396 !
Line 4 0 0 0 287 396 289 395 !
Line 4 0 0 0 289 395 290 393 !
Line 4 0 0 0 290 393 291 392 !
Line 4 0 0 0 291 392 291 392 !
Line 4 0 0 0 291 392 292 392 !
Line 4 0 0 0 292 392 293 391 !
Line 4 0 0 0 293 391 294 391 !
Line 4 0 0 0 294 391 294 390 !
Line 4 0 0 0 294 390 295 390 !
Line 4 0 0 0 295 390 295 390 !
Line 4 0 0 0 295 390 295 389 !
Line 4 0 0 0 295 389 296 389 !
Line 4 0 0 0 296 389 297 389 !
Line 4 0 0 0 297 389 298 389 !
Line 4 0 0 0 298 389 299 389 !
Line 4 0 0 0 299 389 299 389 !
Line 4 0 0 0 299 389 300 389 !
Line 4 0 0 0 300 389 301 389 !
Line 4 0 0 0 301 389 302 389 !
Line 4 0 0 0 302 389 302 390 !
Line 4 0 0 0 302 390 303 390 !
Line 4 0 0 0 303 390 303 390 !
Line 4 0 0 0 303 390 304 390 !
Line 4 0 0 0 304 390 305 390 !
Line 4 0 0 0 305 390 306 390 !
Line 4 0 0 0 306 390 307 391 !
Line 4 0 0 0 307 391 307 391 !
Line 4 0 0 0 307 391 308 392 !
Line 4 0 0 0 308 392 309 392 !
Line 4 0 0 0 309 392 311 392 !
Line 4 0 0 0 311 392 311 393 !
Line 4 0 0 0 311 393 312 394 !
Line 4 0 0 0 312 394 313 394 !
Line 4 0 0 0 313 394 313 395 !
Line 4 0 0 0 313 395 314 395 !
Line 4 0 0 0 314 395 315 395 !
Line 4 0 0 0 315 395 315 396 !
Line 4 0 0 0 315 396 315 396 !
Line 4 0 0 0 315 396 315 396 !
Line 4 0 0 0 315 396 316 397 !
Line 4 0 0 0 316 397 317 397 !
Line 4 0 0 0 317 397 317 399 !
Line 4 0 0 0 317 399 318 399 !
Line 4 0 0 0 318 399 318 400 !
Line 4 0 0 0 318 400 319 400 !
Line 4 0 0 0 319 400 319 401 !
Line 4 0 0 0 319 401 319 402 !
Line 4 0 0 0 319 402 319 403 !
Line 4 0 0 0 319 403 319 404 !
Line 4 0 0 0 319 404 320 404 !
Line 4 0 0 0 320 404 320 406 !
Line 4 0 0 0 320 406 320 408 !
Line 4 0 0 0 320 408 320 408 !
Line 4 0 0 0 320 408 320 409 !
Line 4 0 0 0 320 409 320 410 !
Line 4 0 0 0 320 410 320 411 !
Line 4 0 0 0 320 411 320 412 !
Line 4 0 0 0 320 412 320 414 !
Line 4 0 0 0 320 414 319 415 !
Line 4 0 0 0 319 415 319 416 !
Line 4 0 0 0 319 416 319 416 !
Line 4 0 0 0 319 416 318 418 !
Line 4 0 0 0 318 418 317 420 !
Line 4 0 0 0 317 420 316 420 !
Line 4 0 0 0 316 420 316 422 !
Line 4 0 0 0 316 422 315 423 !
Line 4 0 0 0 315 423 314 424 !
Line 4 0 0 0 314 424 313 425 !
Line 4 0 0 0 313 425 313 426 !
Line 4 0 0 0 313 426 312 427 !
Line 4 0 0 0 312 427 311 428 !
Line 4 0 0 0 311 428 311 428 !
Line 4 0 0 0 311 428 309 429 !
Line 4 0 0 0 309 429 308 431 !
Line 4 0 0 0 308 431 308 432 !
Line 4 0 0 0 308 432 307 432 !
Line 4 0 0 0 307 432 306 433 !
Line 4 0 0 0 306 433 306 434 !
Line 4 0 0 0 306 434 303 436 !
Line 4 0 0 0 303 436 303 437 !
Line 4 0 0 0 303 437 302 438 !
Line 4 0 0 0 302 438 300 440 !
Line 4 0 0 0 300 440 299 440 !
Line 4 0 0 0 299 440 298 442 !
Line 4 0 0 0 298 442 297 442 !
Line 4 0 0 0 297 442 295 443 !
Line 4 0 0 0 295 443 295 444 !
Line 4 0 0 0 295 444 294 444 !
Line 4 0 0 0 294 444 292 445 !
Line 4 0 0 0 292 445 291 446 !
Line 4 0 0 0 291 446 290 447 !
Line 4 0 0 0 290 447 289 447 !
Line 4 0 0 0 289 447 287 448 !
Line 4 0 0 0 287 448 287 448 !
Line 4 0 0 0 287 448 286 448 !
Line 4 0 0 0 286 448 285 448 !
Line 4 0 0 0 285 448 283 449 !
Line 4 0 0 0 283 449 283 450 !
Line 4 0 0 0 283 450 281 451 !
Line 4 0 0 0 281 451 279 451 !
Line 4 0 0 0 279 451 279 452 !
Line 4 0 0 0 279 452 277 452 !
Line 4 0 0 0 277 452 275 452 !
Line 4 0 0 0 275 452 273 452 !
Line 4 0 0 0 273 452 272 452 !
Line 4 0 0 0 272 452 270 453 !
Line 4 0 0 0 270 453 268 454 !
Line 4 0 0 0 268 454 267 454 !
Line 4 0 0 0 267 454 265 454 !
Line 4 0 0 0 265 454 264 454 !
Line 4 0 0 0 264 454 263 455 !
Line 4 0 0 0 263 455 263 455 !
Line 4 0 0 0 263 455 261 455 !
Line 4 0 0 0 261 455 259 455 !
Line 4 0 0 0 259 455 258 456 !
Line 4 0 0 0 258 456 257 456 !
Line 4 0 0 0 257 456 256 456 !
Line 4 0 0 0 256 456 255 456 !
Line 4 0 0 0 255 456 253 456 !
Line 4 0 0 0 253 456 252 456 !
Line 4 0 0 0 252 456 251 456 !
Line 4 0 0 0 251 456 250 456 !
Line 4 0 0 0 250 456 248 456 !
Line 4 0 0 0 248 456 247 456 !
Line 4 0 0 0 247 456 247 456 !
Line 4 0 0 0 247 456 246 456 !
Line 4 0 0 0 246 456 246 455 !
Line 4 0 0 0 246 455 246 454 !
Line 4 0 0 0 246 454 246 453 !
Line 4 0 0 0 246 453 246 452 !
Line 4 0 0 0 246 452 247 452 !
Line 4 0 0 0 247 452 247 452 !
Line 4 0 0 0 247 452 247 451 !
Line 4 0 0 0 247 451 248 450 !
Line 4 0 0 0 248 450 249 449 !
Line 4 0 0 0 249 449 249 448 !
Line 4 0 0 0 249 448 250 448 !
Line 4 0 0 0 250 448 250 448 !
Line 4 0 0 0 250 448 250 447 !
Line 4 0 0 0 250 447 251 446 !
Line 4 0 0 0 251 446 252 444 !
Line 4 0 0 0 252 444 254 444 !
Line 4 0 0 0 254 444 255 443 !
Line 4 0 0 0 255 443 255 443 !
Line 4 0 0 0 255 443 256 442 !
Line 4 0 0 0 256 442 257 440 !
Line 4 0 0 0 257 440 259 440 !
Line 4 0 0 0 259 440 259 439 !
Line 4 0 0 0 259 439 260 439 !
Line 4 0 0 0 260 439 263 437 !
Line 4 0 0 0 263 437 263 436 !
Line 4 0 0 0 263 436 265 436 !
Line 4 0 0 0 265 436 266 435 !
Line 4 0 0 0 266 435 267 434 !
Line 4 0 0 0 267 434 268 434 !
Line 4 0 0 0 268 434 269 434 !
Line 4 0 0 0 269 434 271 432 !
Line 4 0 0 0 271 432 273 432 !
Line 4 0 0 0 273 432 274 432 !
Line 4 0 0 0 274 432 275 431 !
Line 4 0 0 0 275 431 275 431 !
Line 4 0 0 0 275 431 277 431 !
Line 4 0 0 0 277 431 279 429 !
Line 4 0 0 0 279 429 282 429 !
Line 4 0 0 0 282 429 283 429 !
Line 4 0 0 0 283 429 284 429 !
Line 4 0 0 0 284 429 286 429 !
Line 4 0 0 0 286 429 287 428 !
Line 4 0 0 0 287 428 288 428 !
Line 4 0 0 0 288 428 289 428 !
Line 4 0 0 0 289 428 290 428 !
Line 4 0 0 0 290 428 292 428 !
Line 4 0 0 0 292 428 293 428 !
Line 4 0 0 0 293 428 294 428 !
Line 4 0 0 0 294 428 295 428 !
Line 4 0 0 0 295 428 296 428 !
Line 4 0 0 0 296 428 297 428 !
Line 4 0 0 0 297 428 298 428 !
Line 4 0 0 0 298 428 299 428 !
Line 4 0 0 0 299 428 299 429 !
Line 4 0 0 0 299 429 300 430 !
Line 4 0 0 0 300 430 301 430 !
Line 4 0 0 0 301 430 302 431 !
Line 4 0 0 0 302 431 303 432 !
Line 4 0 0 0 303 432 303 432 !
Line 4 0 0 0 303 432 303 433 !
Line 4 0 0 0 303 433 304 433 !
Line 4 0 0 0 304 433 304 434 !
Line 4 0 0 0 304 434 305 434 !
Line 4 0 0 0 305 434 306 434 !
Line 4 0 0 0 306 434 306 435 !
Line 4 0 0 0 306 435 307 436 !
Line 4 0 0 0 307 436 307 436 !
Line 4 0 0 0 307 436 307 436 !
Line 4 0 0 0 307 436 308 437 !
Line 4 0 0 0 308 437 309 438 !
Line 4 0 0 0 309 438 310 438 !
Line 4 0 0 0 310 438 311 439 !
Line 4 0 0 0 311 439 312 440 !
Line 4 0 0 0 312 440 312 440 !
Line 4 0 0 0 312 440 313 441 !
Line 4 0 0 0 313 441 315 442 !
Line 4 0 0 0 315 442 315 442 !
Line 4 0 0 0 315 442 316 443 !
Line 4 0 0 0 316 443 317 443 !
Line 4 0 0 0 317 443 317 444 !
Line 4 0 0 0 317 444 318 444 !
Line 4 0 0 0 318 444 318 444 !
Line 4 0 0 0 318 444 319 444 !
Line 4 0 0 0 319 444 320 445 !
Line 4 0 0 0 320 445 321 446 !
Line 4 0 0 0 321 446 321 447 !
Line 4 0 0 0 321 447 322 447 !
Line 4 0 0 0 322 447 323 447 !
Line 4 0 0 0 323 447 323 448 !
Line 4 0 0 0 323 448 323 448 !
Line 4 0 0 0 323 448 323 448 !
Line 4 0 0 0 323 448 323 448 !
Line 4 0 0 0 323 448 323 449 !
Line 4 0 0 0 323 449 322 449 !
Line 4 0 0 0 322 449 321 450 !
Line 4 0 0 0 321 450 320 450 !
Line 4 0 0 0 320 450 319 450 !
Line 4 0 0 0 319 450 319 450 !
Line 4 0 0 0 319 450 318 450 !
Line 4 0 0 0 318 450 317 450 !
Line 4 0 0 0 317 450 316 450 !
Line 4 0 0 0 218 295 206 392 !
Text 4 0 0 0 134 351 999 !
Text 4 0 0 0 134 351 999 !
Line 4 0 0 0 945 42 945 43 !
Line 4 0 0 0 945 43 946 43 !
Line 4 0 0 0 946 43 947 43 !
Line 4 0 0 0 947 43 947 44 !
Line 4 0 0 0 947 44 949 44 !
Line 4 0 0 0 949 44 950 46 !
Line 4 0 0 0 950 46 951 46 !
Line 4 0 0 0 951 46 953 48 !
Line 4 0 0 0 953 48 953 48 !
Line 4 0 0 0 953 48 954 50 !
Line 4 0 0 0 954 50 954 51 !
Line 4 0 0 0 954 51 955 51 !
Line 4 0 0 0 955 51 956 52 !
Line 4 0 0 0 956 52 957 53 !
Line 4 0 0 0 957 53 957 55 !
Line 4 0 0 0 957 55 958 55 !
Line 4 0 0 0 958 55 959 56 !
Line 4 0 0 0 959 56 959 57 !
Line 4 0 0 0 959 57 961 60 !
Line 4 0 0 0 961 60 961 61 !
Line 4 0 0 0 961 61 963 62 !
Line 4 0 0 0 963 62 963 63 !
Line 4 0 0 0 963 63 964 65 !
Line 4 0 0 0 964 65 965 68 !
Line 4 0 0 0 965 68 966 68 !
Line 4 0 0 0 966 68 967 70 !
Line 4 0 0 0 967 70 968 72 !
Line 4 0 0 0 968 72 968 73 !
Line 4 0 0 0 968 73 970 74 !
Line 4 0 0 0 970 74 971 76 !
Line 4 0 0 0 971 76 971 76 !
Line 4 0 0 0 971 76 972 77 !
Line 4 0 0 0 972 77 973 79 !
Line 4 0 0 0 973 79 974 80 !
Line 4 0 0 0 974 80 975 80 !
Line 4 0 0 0 975 80 975 82 !
Line 4 0 0 0 975 82 976 83 !
Line 4 0 0 0 976 83 978 84 !
Line 4 0 0 0 978 84 978 85 !
Line 4 0 0 0 978 85 979 86 !
Line 4 0 0 0 979 86 980 88 !
Line 4 0 0 0 980 88 981 89 !
Line 4 0 0 0 981 89 982 89 !
Line 4 0 0 0 982 89 982 90 !
Line 4 0 0 0 982 90 984 93 !
Line 4 0 0 0 984 93 986 94 !
Line 4 0 0 0 986 94 986 95 !
Line 4 0 0 0 986 95 987 97 !
Line 4 0 0 0 987 97 988 99 !
Line 4 0 0 0 988 99 989 100 !
Line 4 0 0 0 989 100 990 100 !
Line 4 0 0 0 990 100 991 102 !
Line 4 0 0 0 991 102 992 103 !
Line 4 0 0 0 992 103 998 110 !
Line 4 0 0 0 998 110 1000 112 !
Line 4 0 0 0 1000 112 1001 113 !
Line 4 0 0 0 1001 113 1002 114 !
Line 4 0 0 0 1002 114 1002 115 !
Line 4 0 0 0 1002 115 1002 116 !
Line 4 0 0 0 1002 116 1003 118 !
Line 4 0 0 0 1003 118 1004 119 !
Line 4 0 0 0 1004 119 1007 122 !
Line 4 0 0 0 1007 122 1008 125 !
Line 4 0 0 0 1008 125 1011 128 !
Line 4 0 0 0 1011 128 1011 128 !
Line 4 0 0 0 1011 128 1012 129 !
Line 4 0 0 0 1012 129 1014 133 !
Line 4 0 0 0 1014 133 1015 135 !
Line 4 0 0 0 1015 135 1016 136 !
Line 4 0 0 0 1016 136 1018 139 !
Line 4 0 0 0 1018 139 1018 140 !
Line 4 0 0 0 1018 140 1019 140 !
Line 4 0 0 0 1019 140 1019 140 !
Line 4 0 0 0 1019 140 1019 141 !
Line 4 0 0 0 1019 141 1019 142 !
Line 4 0 0 0 1019 142 1020 143 !
Line 4 0 0 0 1020 143 1021 144 !
Line 4 0 0 0 1021 144 1022 145 !
Line 4 0 0 0 1022 145 1023 147 !
Line 4 0 0 0 1023 147 1023 148 !
Line 4 0 0 0 1023 148 1023 148 !
Line 4 0 0 0 1023 148 1023 149 !
Line 4 0 0 0 1023 149 1024 150 !
Line 4 0 0 0 1024 150 1024 151 !
Line 4 0 0 0 1024 151 1025 151 !
Line 4 0 0 0 1025 151 1025 152 !
Line 4 255 51 204 288 548 288 548 !
